1482564
1527199
1540437
1729485
1743430
1769683
1852156
1880408
1889453
1889537
1903132
1930222
1943618
2024846
2025647
2025648
2025649
2025650
2025651
2025652
2025653
2153219
2153220
2153221
2153222
2153223
2153224
2153225
2153226
2192547
2192548
2282547
2326553
2382793
2410635
2414938
2436775
2438186
2438645
| zaazais
2448472
2449379
2471184
2485419
2485819
2495826
2549444
2549445
2568503
2568504
2569689
2569866
2574744
2575118
2575119
2583212
2601845
2601846
2608710
2608711
2608712
2619462
2619493
2632608
2632610
2632611
2636642
2636673
2642192
2642194
2642195
2644611
2644612
2644613
2644614
2644615
2667752
2667773
2706148
2706149
2706150
2706151
2706440
2706441
2719703
2719704
2765788
2765789
2765790
2765791
2785661
2785662
2785663
2785664
2805414
2805415
2805416
2805417
2838772
2838773
2838774
2838815
2877904
2877991
2878045
2878046
2921036
2921038
2921039
2921064
2953720
2953781
2953782
2953802
2977327
2977328
2977341
2977342
3001468
3001469
3001522
3001523
3006284
3006419
3006420
3006434
3006459
3006471
3010241
3048246
3048248
3048249
3048250
3048253