55 systems
part number (module)

fault code

system position
637 x 211
text fault position
867 x 709

mouse double click

if acs press tab
	if '3041326'
		press tab
			type fault code

elif ahs press button down
	if ''
		press tab
			type fault code

tab x 2
press space
mouse position
mouse click
hotkey press ctrl + A
hotkey press ctrl + C
####################
código de falha = clipboard.past()
clipboard.copy("")


acs
	1785570,179995,184986,184987,187833,188838,190275,190604,201005,202068,205467,208320,208381,211066,229432,232470,2392626
	2569763
		512,513,514,515,516,517,518,520,521,522,523,524,525,526,527,528,529,530,544,545,546,547,548,560,561,563,564,565,566,567,568,570,571,572,573,576,577,578,579,580,592,593,594,608,609,610,611,612,624
	2582161
		513,514,515,516,517,518,520,521,522,523,524,525,526,527,528,529,544,545,546,547,560,561,562,563,564,565,568,576,577,578,579,592,593,594,595
	2899938,2899939,2924832,2949598,2949603,2949630,3041326
ahs
	1444640,1501010,1512838,1544847,1544849,1545298,1722532,1724823,1724824,1728267,1728268,1768751,1851021,1851022,1857080,2160812,2197277,2197577,2288681,2488908,2607360,2607361,2640293,2640298,2724764,2735536,3034223,3034225
alm
	2038710,2387988,2485767,2601812,2625828,2639454,2726158,2826597
aps
	1477557,1720000,1754021,1770183,1796172,1897632,1941956,2089582,2148071,2287595,2310158,2572083,2593604,2651886,2664594,2707986,2738540,2758645,2770157,2816143,2836434,2913868,2913869,3011746,3011747,3012864,3012865
aus
	1434674,1549266,1776820,1886267,2026742,2325235,2538534,2619691
autonomous vehicle system
awd
	1480915,1746848,1757820,1764138,1779574,1804648,1901151,1926444,2000591,2023938,2054100,2758545,3022044
axi
	2792295,2967362
bcs
	1734946,1775963,1777636,1784017,1850684,1858195,1867766,1888355,1904724,1917540,1923417,2006699,2022481,2054674,2058815,2061591,2061646,2081468,2083788,2110664,2152806,2182503,2294322
bdc
	2809336,2847335,2921723,2963590,2987636,2995932,3012470,3026415,3049293,3067114
bms
	1475154,1475157,1541729,1541730,1720881,1720882,1735698,1735699,1747651,1752449,1752450,1756551,1766305,1766306,1796255,1796257,1860636,1860637,1863280,1863281,1863489,1863490,1879258,1879265,1882983,1882984,1882986,1882987,1888378,1888379,1936733,1936737,1944769,1944770,2002786,2002787,2029182,2029183,2029746,2029747,2065508,2116103,2116106,2128891,2188543,2202723,2202730,2202754,2202755,2202756,2202757,2202758,2202759,2202760,2202761,2239955,2263004,2263005,2263006,2381727,2381728,2424692,2424694,2424696,2447821,2447822,2447823,2447824,2447825,2447826,2472357,2472368,2472369,2496221,2496222,2530922,2530946,2530947,2561589,2561590,2561591,2570039,2570040,2570041,2594185,2594187,2594190,2594373,2594374,2640136,2657231,2657232,2657243,2716114,2716116,2756658,2756659,2767858,2789422,2789424,2789427,2789428,2789430,2789431,2821870,2821873,2821925,2823540,2823541,2823542,2840183,2923856,2935279,2935330,2963874,2979048,2984990,2990286,2994032,2994033,3000686,3000689,3000850,3000851,3000861,3000862,3001177,3001178,3001179,3001180,3010609,3013208,3013209,3013210,3013231,3013232,3013233,3038626
bwe
	1946716,1948887,2193519,2239141,2239146,2273690,2300566,2300568,2300570,2300572,2304582,2304583,2338354,2386094,2401126,2422420,2433201,2449530,2450893,2450894,2450895,2468170,2468177,2472283,2490123,2532344,2532347,2564431,2567711,2586735,2597422,2628720,2722646,2792301,2809944,2838013,2838014,2846751,2851039,2851068,2851071,2875146,2878524,2882823,2898316,2907443,2907451,2907452,2910006,2934516,2934518,2936793,2968485,2991773,2992928,2994535,3001732,3001741,3012827,3012829,3012837,3012861,3030440,3030461,3043908,3043911,3063615,3063628,3086953,3086954
bws
	1438441,1541928,1546334,1546335,1743367,1752503,1765943,1785012,1799620,1886644,1888775,1943455,2056132,2111297,2152139,2166970,2307755
ccc
	2462357,2462369,2720560,2720561,2731482,2731483,3066421,3066422
ccs
	1422160,1543094,1722700,1730469,1731253,1736767,1748562,1753050,1768321,1785234,1789786,1798327,1801707,1850725,1880086,1891042,2028441,2040484,2077175,2130941,2130945,2195472,2259512,2272934,2419809,2484511,2486234,2572425,2580405,2628371,2662800,2706880,2706893,2731458,2731480,2731481,2772386,2793517,2821935,2832120,2832121,2845373,2845390,2864076,2864077,2908189,2908200,2926569,2926580,2934635,2934636,2945029,2945050,2955396,2955397,2982065,2982066,2987962,2987963,3056109,3056111,3066348,3066354,3066355
cmd
	2833854,2834046,2935209,2960070
cms
	2191331,2411360,2432445,2456934,2497707,2570114,2602986,2628774,2660726,2672915,2740721,2754333,2766145,2792442,2815755,2821595,2836953,2857746,2883528,2890010,2902441,2902562,2902563,2968591,2995285,3003410,3029708,3029730,3033691,3033693,3035426,3035431,3056441,3056443
coo
	1111111,1504488,1505545,1539791,1546086,1729188,1739322,1752853,1753063,1757920,1766146,1771937,1771938,1781254,1781256,1793077,1793627,1856018,1871892,1879948,1879949,1879953,1879954,1879956,1879957,1879960,1879961,1897138,1897139,1914374,1914376,1914377,1939501,1939503,1939644,1939645,1940934,1940937,1946677,1946678,1946679,1946680,2001360,2001363,2001367,2001368,2031766,2031767,2031768,2031769,2053950,2053951,2055106,2082768,2098505,2098506,2098511,2098512,2117986,2117987,2161835,2161836,2260380,2260381,2270595,2270596,2286028,2286029,2301402,2301403,2309120,2309121,2309728,2309729,2309730,2309731,2337576,2337577,2381142,2381143,2397947,2397948,2410405,2410407,2410409,2417080,2417081,2420885,2420886,2420887,2420888,2428990,2428991,2428992,2428993,2429004,2429015,2429016,2429017,2429020,2429021,2429022,2429023,2437719,2437720,2437721,2437722,2442723,2442724,2442725,2442726,2445896,2456999,2457000,2457001,2485932,2485933,2489847,2493811,2493812,2535038,2547538,2547539,2547540,2547541,2547542,2547543,2578705,2578706,2578707,2578708,2578709,2578710,2587723,2587724,2593679,2631190,2637004,2637005,2637006,2637008,2637009,2637010,2653949,2711461,2711462,2713691,2713693,2713694,2713695,2713696,2713697,2721533,2721534,2721555,2721556,2721557,2721558,2726616,2747163,2748176,2753529,2753531,2753532,2753533,2753534,2753535,2753536,2753537,2755393,2759738,2769910,2769911,2779623,2779624,2779635,2779636,2779637,2779638,2779639,2779640,2790541,2790629,2802546,2802547,2827682,2827683,2834497,2834498,2839593,2839594,2853436,2853446,2875150,2875151,2875152,2875153,2900816,2900817,2913206,2913207,2913208,2913209,2913527,2913528,2913529,2913690,2922185,2922269,2922320,2922321,2925566,2934514,2934515,2934523,2934524,2934527,2934528,2934529,2949759,2949943,2949944,2949948,2949976,2949978,2949979,2949992,2949993,2949994,2949995,2949996,2949997,2949998,2949999,2950020,2950021,2955097,2955098,2966749,2966770,2966771,2966772,2966774,2966775,2966776,2966777,2969246,2980994,2981007,2981008,2981009,3012980,3020926,3020927,3020928,3020929,3020930,3021011,3021012,3021013,3021072,3022315,3022381,3022382,3025979,3034738,3034739,3034740,3034741,3034742
css
	1431499,1765042,1918985,2038712,2203752,2203753,2250117,2250118,2371698,2537053,2724295,2897638
cts
	1540419,1540421,1547542,1547543,1758151,1758152,1772111,1772114,2008143,2008144,2277969,2277970,2301418,2322307,2322308,2532768,2532769,2634986,2634987
cui
	2302303,2378152,2378183,2490027,2490028,2490029,2553196,2553197,2553198,2553199,2553201,2553202,2553223,2553224,2583774,2583775,2583776,2583777,2583778,2583779,2594720,2635711,2635720,2635722,2635851,2635852,2635863,2735758,2735759,2735760,2783086,2783087,2783088,2783089,2783090,2783091,2819276,2819277,2819278,2819279,2819280,2819281,2906948,2906949,2906950,2912107,2912108,2912109
das
	1748738,1802478,1856220,1893573,2443666,2798714,2838371,2872226,2877845,2881835,2910144,2961761,2965290,2981493,2983035,2983039,2983074,3038944,3038945,3063928,3063936
dcc
	2533672,2774916,2964336
dcs
	2277639,2277640,2277810,2277811,2378573,2378575,2378642,2378714,2484700,2484711,2484721,2484723,2486813,2486814,2486815,2486816,2486817,2486818,2486819,2486820,2595928,2595931,2595933,2595936,2713171,2713173,2713345,2713348,2718143,2718144,2718510,2718511,2777611,2777612,2777613,2777635,2777641,2777642,2778086,2778087,2807478,2807479,2807480,2807498,2807499,2807500,2807501,2807502,2902722,2902723,2902724,2902725,2902726,2902727,2902741,2902742,2988639,2988710,2988711,2988719,2988730,2988731,2988741,2988742,2988743,2988756,2988757,2988758,3023209,3023210,3023221,3023222,3023223,3023224,3023225,3023226,3023227,3023228,3023229,3023230,3023231,3023232,3023233,3023234
dis
	1725307,1905697,1931049,2003186,2006848,2099171,2168819,2201468,2260369,2268434,2381809,2432963,2484134,2718255
eacs
	2571672,2796434,2906234,2970946,2981680,3006827,3006895
eletric vehicle control system
eec
	1753207,1772499,1783685,1794992,1855400,1855401,1855402,1855403,1884216,1884217,1884218,1884219,1884220,1884221,1884222,1884223,1884224,1884225,1925609,2001558,2024090,2024091,2024361,2026214,2028917,2029275,2039350,2058730,2060694,2061658,2062082,2092030,2093916,2112479,2156713,2161619,2165800,2168594,2188535,2190613,2190614,2190615,2190616,2190617,2190618,2190619,2190620,2190621,2190622,2190623,2190624,2190625,2197326,2204462,2237510,2237512,2237514,2250463,2257871,2257873,2272388,2272389,2273645,2285982,2300007,2307227,2377683,2436635,2469934,2541603,2544488,2544489,2562200,2562201,2575015,2575016,2608042,2610801,2626464,2657753,2718966,2719464,2735485,2735486,2735487,2735488,2735489,2735490,2735515,2759832,2759833,2793523,2826846,2826847,2827217,2838374,2838895,2838896,2840846,2844809,2844810,2846353,2846354,2846575,2855880,2871798,2877896,2881736,2895374,2895435,2901531,2953718,2953719,2953740,2954975,2977248,2977249,2977250,2977251,2977252,2977253,2979390,2979391,2979392,2979393,2991614,3004145,3005738,3010304,3010305,3010306,3010307,3016551,3016552,3016553,3016554,3016555,3031642,3034215,3040075,3043389,3053782,3056266,3071292,3072175,3078993
ehs
	2735050,2763171,2774117,2774118,2774119,2890802,2890803,2968827,2968828
ems
	1449583,1449630,1472509,1472510,1472511,1481710,1491012,1493606,1493607,1496715,1505535,1505540,1505626,1505630,1508746,1508749,1512332,1518594,1518597,1520213,1520222,1520242,1520245,1520254,1520257,1524581,1524584,1524587,1524588,1528902,1528903,1528904,1528905,1528921,1536853,1536856,1536871,1536874,1536877,1537416,1538447,1545035,1545039,1545042,1545046,1545049,1545052,1545106,1545109,1546266,1546276,1546277,1546279,1546280,1546282,1546479,1546480,1547473,1547474,1547475,1547476,1547477,1547478,1548399,1548400,1548401,1548405,1548406,1549798,1721259,1721263,1721267,1721270,1722196,1722268,1722269,1722270,1722271,1722272,1722273,1722274,1722275,1722276,1722277,1722278,1722279,1722280,1722283,1722284,1722321,1722322,1722323,1722324,1722325,1722326,1724936,1724937,1724938,1724939,1725411,1725412,1725451,1725452,1725453,1725454,1725455,1725456,1725654,1725835,1725836,1725837,1725838,1725839,1725840,1726924,1726954,1726955,1726956,1726957,1726958,1726959,1727643,1728290,1728291,1728292,1729567,1730179,1730180,1730181,1730182,1730183,1730184,1730185,1730186,1730187,1730188,1730189,1730191,1730192,1730193,1730194,1730195,1730196,1730197,1730198,1731953,1736972,1738022,1738664,1738665,1739904,1739906,1739919,1739920,1739921,1739922,1739923,1739937,1739938,1739939,1739940,1739941,1739952,1739953,1739954,1739955,1740024,1740090,1741972,1741973,1742306,1742307,1742308,1742309,1742310,1742311,1742312,1742313,1742314,1742318,1742464,1742519,1742522,1742525,1742528,1743146,1746439,1746440,1746441,1746442,1746443,1746842,1750209,1750210,1750829,1750830,1750831,1750832,1750833,1750834,1750835,1750836,1750837,1753170,1753171,1754839,1754840,1754841,1754842,1754843,1754844,1754845,1754846,1754847,1755317,1756296,1756297,1757637,1757638,1757639,1757640,1757641,1757642,1757643,1757644,1757645,1757646,1757762,1757785,1757898,1759293,1759294,1759295,1759296,1759297,1759298,1759299,1759300,1759301,1759302,1759303,1759304,1759305,1759306,1759617,1759618,1759619,1759620,1759622,1759623,1759624,1759625,1759626,1759627,1759628,1759954,1760146,1760439,1760440,1760441,1760442,1760444,1760445,1760446,1760447,1760448,1760449,1760450,1761436,1762338,1763183,1763184,1763572,1763573,1763574,1763575,1763576,1763577,1763578,1763579,1763580,1764393,1764397,1764411,1764416,1764419,1772444,1772445,1772446,1772663,1772751,1772756,1772823,1772958,1773640,1774313,1774314,1774315,1774316,1774317,1774318,1774319,1774320,1774321,1774322,1774323,1774324,1774325,1774326,1774327,1774328,1774329,1774330,1774331,1774332,1774333,1774334,1774335,1774336,1774337,1774338,1774339,1774340,1774341,1774342,1774343,1774344,1774444,1776435,1776436,1776437,1776438,1776439,1776440,1776441,1776442,1776443,1776445,1776446,1776447,1776448,1777617,1777618,1777657,1777658,1777659,1777660,1777698,1779638,1779639,1779640,1784319,1784875,1784876,1785966,1785967,1786580,1786581,1786582,1786583,1786584,1786603,1786606,1786607,1786608,1786609,1786610,1786611,1786612,1786613,1786614,1786640,1786641,1786772,1786773,1786774,1786775,1786776,1786778,1786779,1786780,1786781,1786782,1786974,1786975,1786976,1786977,1786978,1786979,1786980,1786981,1786982,1786983,1788076,1788077,1788078,1788079,1788080,1788081,1788082,1788083,1788084,1788085,1788086,1788087,1788088,1788089,1788090,1788091,1788092,1788093,1788094,1788095,1788097,1788098,1788099,1788101,1788488,1788489,1791476,1791477,1791478,1791479,1791480,1792403,1792404,1792405,1792406,1792407,1794283,1794284,1794285,1794286,1794287,1794288,1794289,1794290,1794291,1794292,1794573,1794761,1794764,1795787,1796077,1796078,1796079,1796080,1796081,1796082,1796083,1796783,1796784,1797702,1797703,1797704,1797705,1797706,1797707,1797708,1797709,1797710,1797711,1797712,1797713,1797714,1797715,1797716,1797717,1797718,1797719,1797720,1797721,1797722,1797723,1797724,1797725,1797726,1797727,1797728,1797729,1797730,1797731,1797732,1797733,1797734,1797735,1797736,1797737,1797738,1797739,1797740,1797741,1798068,1798069,1798645,1800073,1800752,1800759,1801769,1805257,1805258,1805259,1805260,1805261,1805262,1805264,1805265,1805266,1805267,1805268,1805269,1805270,1805271,1805272,1805273,1805274,1805275,1805276,1805277,1805278,1805279,1805280,1805281,1805282,1805283,1846149,1846152,1847329,1847330,1847331,1848050,1849594,1849598,1849606,1849825,1849826,1849827,1849828,1849829,1849830,1849831,1849832,1849833,1850045,1850046,1850047,1850048,1850049,1850050,1850225,1850677,1850695,1850696,1850728,1850733,1850752,1850884,1851143,1851319,1851322,1851457,1851840,1851844,1852198,1853034,1856084,1856087,1856090,1856093,1856223,1856246,1858303,1858304,1858305,1858306,1858307,1858308,1858309,1858310,1858311,1858312,1858313,1858314,1858315,1858316,1858317,1858318,1858320,1858321,1858322,1858323,1858324,1858325,1858326,1858327,1858328,1858329,1858330,1858331,1858662,1858663,1858664,1860312,1860313,1860314,1860315,1860316,1860317,1860318,1860319,1860320,1860323,1860324,1860325,1860326,1860328,1860329,1861248,1861252,1861470,1861471,1861472,1861473,1861474,1861475,1861476,1861477,1861478,1861479,1861480,1861481,1861482,1861483,1861484,1861485,1861486,1861487,1861488,1861489,1861490,1861491,1861492,1861493,1861494,1861495,1861496,1861497,1861498,1861499,1861500,1861501,1863336,1864411,1864453,1865888,1865889,1865890,1865891,1865892,1865893,1865894,1865895,1865896,1865897,1865898,1865899,1865900,1865901,1865902,1865903,1865904,1865905,1865906,1865907,1865908,1865909,1865910,1865911,1865912,1865913,1865914,1865915,1865916,1865917,1865918,1865919,1867170,1867174,1867180,1867184,1867188,1867192,1867196,1867628,1867629,1869296,1869297,1869298,1869299,1869300,1869301,1869302,1869303,1869304,1869309,1869310,1869311,1869312,1869313,1869314,1869315,1869316,1869317,1869319,1869320,1869321,1869322,1869323,1869324,1869325,1869326,1869327,1869331,1869332,1869333,1869334,1869335,1872271,1872272,1872273,1872274,1872435,1874469,1874470,1874471,1874472,1874473,1874474,1874475,1874476,1874477,1874478,1874479,1874480,1874481,1874482,1874483,1874484,1874485,1874486,1874487,1874488,1874489,1874490,1874491,1874492,1874493,1874494,1874495,1874496,1874497,1874498,1874499,1874500,1874577,1874578,1878045,1878046,1878047,1878048,1878065,1878066,1878067,1878068,1878352,1878353,1878354,1878355,1878356,1878357,1878358,1878359,1878360,1878362,1878363,1878364,1878365,1878366,1878367,1878368,1878369,1878370,1878371,1878372,1878373,1878374,1878375,1878376,1878377,1878378,1878379,1878380,1878381,1878382,1878383,1878384,1878385,1878386,1881113,1883177,1883232,1883772,1883773,1884508,1884509,1884510,1884631,1884632,1884633,1885763,1885899,1886183,1886184,1886185,1886186,1886187,1886188,1886189,1886190,1886216,1886217,1886218,1886219,1886220,1886221,1886222,1886223,1886625,1887083,1887086,1887151,1887152,1887153,1887154,1887155,1887156,1887157,1887158,1887159,1888365,1888386,1888389,1890528,1890529,1893159,1893160,1893161,1893162,1893163,1893164,1893165,1893166,1893167,1893169,1893170,1893171,1893172,1893173,1893174,1893175,1893176,1893177,1893184,1893185,1893186,1893187,1893188,1893189,1893190,1893191,1893192,1893195,1893196,1893197,1893198,1893199,1893200,1893201,1893202,1893203,1893342,1894707,1894708,1894721,1894724,1894725,1894834,1894835,1894836,1894837,1894838,1894839,1894896,1894897,1894898,1894899,1894900,1894901,1894902,1894903,1894904,1894905,1894906,1894907,1894908,1894909,1894910,1897942,1897943,1898945,1901477,1901478,1901734,1901735,1903147,1903148,1903769,1903867,1903868,1903869,1903870,1903871,1903872,1903873,1903874,1903875,1903877,1903878,1903879,1903880,1903881,1903882,1903883,1903884,1903885,1903886,1903887,1903888,1903889,1903890,1903891,1903892,1903893,1903894,1903911,1903912,1903913,1903914,1903915,1903916,1903917,1903918,1903919,1903920,1904091,1904092,1904093,1904094,1904095,1904096,1904097,1904098,1904099,1904100,1904101,1904102,1906933,1906934,1908889,1908890,1908891,1908892,1908893,1908894,1908895,1908896,1909341,1909342,1909343,1909344,1909345,1909346,1910568,1910569,1913171,1913228,1913247,1913250,1913254,1913258,1913263,1913284,1913295,1913298,1913307,1913310,1913320,1913332,1913337,1913342,1913369,1913372,1913384,1913400,1913448,1913464,1913470,1913473,1913476,1913481,1913488,1913496,1913504,1913516,1913522,1913525,1913528,1913531,1913576,1913601,1913635,1913664,1913679,1913694,1913716,1913724,1913737,1913781,1913816,1913836,1913850,1913856,1913862,1913865,1913888,1913912,1913929,1913935,1913938,1913945,1913948,1913955,1913959,1913962,1913965,1913971,1913975,1913978,1913981,1913988,1914009,1914012,1914032,1914047,1914050,1914056,1914059,1914062,1914068,1914082,1914085,1914908,1916218,1916273,1916334,1916337,1916378,1916379,1916380,1916381,1916382,1916383,1916937,1916944,1916949,1916952,1916958,1916993,1917045,1917060,1917141,1917174,1917190,1917217,1917238,1917255,1917271,1917578,1917582,1917623,1918585,1918592,1918595,1918601,1918616,1918631,1918647,1918662,1918682,1918701,1918704,1921442,1921443,1924238,1924239,1924245,1924246,1924247,1925178,1925181,1925909,1926636,1926644,1926647,1927178,1928945,1929642,1929649,1929652,1930004,1930005,1930006,1930007,1930008,1930009,1930010,1930011,1930012,1930381,1931086,1931087,1931088,1931089,1931090,1931091,1931092,1931093,1931094,1931095,1931096,1931097,1931098,1931099,1931100,1931194,1931623,1931627,1931630,1932342,1934036,1934037,1934038,1934039,1934040,1934041,1934042,1934043,1934044,1934045,1934477,1934478,1934479,1934762,1935724,1935725,1935726,1935727,1935728,1935729,1936792,1936793,1936794,1937139,1937140,1937976,1937977,1937978,1937979,1937980,1937981,1937982,1937983,1937984,1937985,1937986,1937987,1937988,1937989,1937990,1937991,1937992,1937993,1937995,1937996,1937997,1937998,1937999,1938000,1938001,1938002,1938003,1938005,1938006,1938007,1938008,1938009,1938010,1938011,1938012,1938013,1938889,1938893,1939348,1939363,1939375,1939558,1939688,1939691,1939694,1939697,1939700,1939703,1939707,1939710,1939713,1939727,1939730,1939733,1939736,1939739,1939742,1939745,1939748,1939751,1939754,1939757,1939760,1939773,1939776,1939779,1939785,1939788,1939791,1939794,1939797,1939800,1939804,1939807,1939810,1939815,1939818,1939821,1939838,1939841,1939844,1939848,1939851,1939854,1939861,1939864,1939867,1939871,1939874,1939877,1939894,1939897,1939900,1939982,1939983,1939984,1939985,1940036,1940039,1940050,1940053,1940056,1940795,1941149,1943184,1943185,1943186,1943187,1943258,1943259,1943260,1944424,1944425,1944426,1944427,1944428,1944429,1944430,1944431,1944432,1944433,1944434,1944435,1944436,1944437,1944438,1946127,1946128,1946129,1946130,1946131,1946132,1946133,1946134,1946135,1946136,1946137,1946138,1946139,1946140,1946141,1946142,1946143,1946144,1946145,1946146,1946147,1946148,1946149,1946150,1946151,1946152,1946753,2001519,2001520,2001521,2001522,2001523,2001524,2001726,2001727,2001728,2001735,2002573,2002574,2002580,2003614,2003615,2003616,2003623,2003624,2003625,2006165,2006166,2006167,2006168,2006169,2006170,2006171,2006172,2006173,2003616,2003623,2003624,2003625,2006165,2006166,2006167,2006168,2006169,2006170,2006171,2006172,2006173,2006174,2006175,2006540,2006541,2006542,2006543,2006544,2006545,2006546,2006547,2006548,2006549,2006550,2006551,2006552,2006553,2006554,2006555,2006556,2006557,2006558,2006559,2006560,2006561,2006562,2006563,2006564,2006565,2006566,2006567,2006568,2006569,2006570,2006571,2006572,2007057,2007127,2008602,2008603,2008604,2008605,2008606,2008608,2008609,2008610,2008611,2008612,2008613,2008614,2008615,2008616,2008617,2008618,2008619,2008620,2008621,2008622,2008623,2008624,2008625,2008626,2008627,2008628,2008629,2008630,2008631,2008632,2008633,2008634,2008635,2008636,2008637,2008638,2008639,2008640,2008641,2008642,2008643,2008643,2008644,2008645,2008646,2008647,2008648,2008649,2008650,2008651,2008652,2008653,2008654,2008655,2008656,2008816,2010097,2020410,2021340,2021341,2021342,2023087,2023088,2023089,2023090,2023091,2023092,2023093,2023094,2023095,2023096,2023097,2023098,2023099,2023100,2023101,2023102,2023103,2023104,2023105,2023106,2023107,2023108,2023109,2023110,2023111,2023112,2023113,2023114,2023115,2023116,2023117,2023118,2023119,2023120,2023121,2023122,2024052,2024080,2024081,2024082,2024548,2024549,2024550,2024551,2024552,2024553,2024554,2024555,2024556,2024691,2025766,2025767,2026961,2026964,2026968,2027427,2027430,2027433,2027765,2027779,2027780,2028328,2028331,2028332,2028333,2028837,2028838,2028839,2028840,2028841,2028842,2028877,2028878,2028879,2028880,2028881,2028882,2028883,2028884,2028885,2028886,2028887,2028888,2028889,2028890,2028891,2028892,2028893,2028894,2028895,2028896,2028897,2028898,2028899,2028900,2028901,2028902,2028903,2028904,2028905,2028906,2028907,2028908,2028909,2028910,2028911,2028912,2028913,2029813,2029814,2029815,2029816,2029817,2029818,2029819,2029820,2029821,2029822,2029823,2029824,2029825,2029826,2029827,2029828,2029829,2029830,2029831,2029832,2029833,2029834,2029835,2029836,2029837,2029838,2029839,2029840,2029841,2029842,2029843,2029844,2029845,2029846,2029847,2029848,2030007,2030008,2030009,2030010,2030011,2030012,2030013,2030014,2030015,2030016,2030017,2030018,2030019,2030805,2030806,2030807,2030808,2030809,2030810,2030811,2030812,2030813,2030814,2030815,2030816,2030819,2030820,2030821,2030822,2030823,2030824,2030944,2030945,2031065,2031066,2032641,2032642,2032643,2032644,2033257,2033258,2033259,2033260,2033261,2033262,2033263,2033264,2033265,2033266,2033267,2033268,2033269,2033270,2033271,2033272,2033273,2033274,2033462,2033498,2033499,2033500,2033501,2033502,2033503,2033507,2033508,2033538,2033624,2033625,2033965,2034503,2034516,2035617,2035685,2035691,2035889,2036035,2036115,2036116,2036489,2038473,2036376,2038476,2036379,2036382,2036386,2036389,2038479,2038586,2036392,2038589,2038592,2038657,2038660,2038663,2038666,2038684,2038891,2038894,2039064,2039067,2039253,2039256,2039259,2039274,2039277,2039280,2039283,2039286,2039289,2039292,2040549,2040550,2040551,2040552,2051336,2051337,2051343,2051344,2051349,2051350,2051964,2052234,2052237,2052480,2053259,2053260,2053261,2053262,2053282,2053283,2053284,2053285,2053320,2053402,2053408,2053414,2053420,2053938,2057034,2057035,2057036,2057037,2057038,2057039,2057040,2057041,2057042,2057043,2057044,2057045,2057046,2057047,2057048,2057049,2057050,2057051,2057052,2057053,2057054,2057055,2057056,2057057,2057058,2057059,2057060,2057061,2057062,2057063,2057064,2057065,2057066,2057067,2057068,2057069,2057070,2057071,2057072,2057073,2057074,2057075,2057076,2057077,2057078,2057079,2057080,2057081,2057082,2057083,2057084,2057085,2057086,2057087,2057088,2057089,2057090,2057091,2057441,2057442,2057443,2057444,2057445,2057446,2057447,2057448,2057449,2057450,2057451,2057452,2057453,2057454,2057455,2057488,2057489,2057490,2057491,2057492,2057493,2057494,2057495,2057496,2057498,2057499,2057500,2057501,2057502,2057503,2057544,2057545,2057546,2057547,2057556,2057557,2057558,2057559,2057718,2057719,2060166,2060173,2060710,2060711,2060712,2060713,2060714,2060715,2060716,2060717,2060718,2060719,2060720,2060721,2060722,2060723,2060724,2060725,2060726,2060727,2060728,2060729,2060730,2060731,2060732,2060733,2060734,2060735,2060736,2060737,2060738,2060739,2060740,2060741,2060742,2060743,2060744,2060745,2061587,2061588,2061602,2061603,2061608,2061609,2061614,2061615,2061616,2061617,2060748,2061618,2061619,2061655,2061656,2061662,2061663,2061664,2061665,2061666,2061667,2061668,2061669,2061670,2061619,2061671,2061672,2061673,2061674,2061675,2061664,2061676,2061666,2061677,2061678,2061679,2061668,2061680,2061670,2061681,2061682,2061683,2061684,2061674,2061685,2061686,2061675,2061687,2061676,2061688,2061678,2061689,2061690,2061691,2061681,2061692,2061693,2061694,2061683,2061695,2061696,2061697,2061686,2061698,2061687,2061699,2061685,2061700,2061701,2061690,2061702,2061703,2061693,2061704,2061705,2061706,2061707,2061708,2061709,2061698,2061710,2061699,2061711,2061712,2061713,2061714,2061715,2061716,2061717,2061718,2061719,2061720,2061721,2061722,2061723,2061724,2061725,2061726,2061727,2061728,2061729,2061718,2061730,2061731,2061732,2061733,2061734,2061724,2061735,2061736,2061737,2061738,2061739,2061740,2061741,2061742,2061743,2061744,2061745,2061746,2061747,2061748,2061749,2061750,2061751,2061752,2061753,2061743,2061754,2061755,2061744,2061756,2061748,2061757,2061747,2061758,2061759,2061761,2061762,2061763,2061764,2061752,2061765,2061753,2061766,2061755,2061767,2061768,2061756,2061769,2062151,2062154,2062157,2062160,2062163,2062166,2062332,2062333,2062334,2062335,2062336,2062337,2062338,2062339,2062340,2062342,2062343,2062344,2062345,2062346,2062347,2062348,2062349,2062350,2062421,2062422,2062423,2062424,2062425,2062426,2062427,2062428,2062429,2062430,2062431,2062432,2062433,2062434,2062424,2062435,2062436,2062425,2062437,2062426,2062438,2062440,2062900,2062901,2062906,2062907,2062912,2062913,2063858,2063998,2063999,2076258,2076259,2076260,2076520,2076524,2076530,2076536,2076544,2076567,2079373,2079374,2079375,2079376,2079377,2079378,2079379,2079380,2079381,2079382,2080171,2080172,2080380,2080423,2080862,2080863,2080864,2080865,2080866,2080867,2080868,2080869,2080870,2080872,2080873,2080874,2080875,2080878,2080879,2080880,2080881,2080882,2080901,2080902,2081070,2082267,2082268,2082269,2082270,2082271,2082272,2082752,2082753,2083390,2084298,2084299,2084319,2084323,2084326,2084330,2084333,2084337,2084341,2084345,2084348,2084351,2084612,2085479,2086154,2086155,2086156,2086157,2086158,2086159,2086160,2086161,2086162,2086163,2086164,2087290,2087291,2087460,2087578,2087579,2087580,2087581,2087582,2087583,2087584,2087585,2087586,2087587,2087588,2087589,2087625,2089187,2089188,2089189,2089190,2089195,2089196,2089197,2089198,2089199,2089200,2089201,2089202,2089252,2089257,2089300,2089301,2089302,2089303,2089306,2089307,2089308,2089309,2089884,2093347,2093348,2094838,2094839,2094846,2094847,2095001,2095004,2095663,2095668,2095669,2095670,2095671,2095672,2095673,2095674,2095675,2095676,2095678,2095679,2095680,2095681,2095682,2096534,2096535,2096536,2096537,2096891,2096892,2096893,2096894,2096895,2096896,2096897,2096898,2096899,2096900,2096901,2096902,2097292,2097293,2097294,2097295,2097304,2097305,2097306,2097313,2097314,2098545,2098546,2098547,2098556,2098557,2109957,2109958,2109959,2109960,2109961,2109962,2109963,2109964,2109965,2109966,2109967,2109968,2109969,2109970,2109971,2109972,2109973,2109974,2109975,2109976,2109977,2109978,2109979,2109980,2109981,2109982,2109983,2109984,2109985,2109986,2109987,2109988,2109989,2109990,2109991,2109992,2109993,2109994,2109995,2109996,2109997,2109998,2109999,2110160,2110161,2110162,2110163,2110164,2110165,2110166,2111488,2111489,2111493,2111494,2112151,2112826,2113780,2115324,2110163,2115325,2110165,2115332,2115470,2110166,2115471,ar1148e,2116077,2116589,2116590,2116876,2116879,2118058,2118159,2118160,2118161,2118694,2118697,2120184,2120185,2121788,2121789,2121790,2118058,2121791,2121794,2118156,2121795,2118160,2121796,2118694,2121797,2121798,2118697,2121800,2120184,2122652,2121788,2122653,2122828,2121785,2122829,2121791,2122830,2123511,2121794,2123512,2123513,2120797,2123514,2125919,2125920,2125928,2126354,2126355,2126356,2126357,2123811,2126358,2127058,2123812,2130180,2130181,2130182,2130183,2130184,2130185,2130198,2130199,2130200,2130201,2130202,2130203,2130221,2130224,2130280,2130281,2130282,2130283,2130284,2130285,2130286,2130287,2130288,2130289,2130290,2130291,2130292,2130293,2130294,2130295,2130296,2130297,2131558,2132166,2132167,2132168,2132169,2132747,2132748,2132840,2133215,2133216,2133218,2133219,2134077,2134252,2134253,2134254,2134255,2134459,2134460,2134461,2134466,2134467,2134468,2134469,2134470,2134472,2134475,2134476,2134477,2134478,2134479,2134480,2134481,2134482,2134483,2134484,2134485,2134486,2134487,2134488,2134489,2134490,2134491,2134492,2134493,2134494,2134495,2134496,2134497,2134498,2134499,2134501,2134504,2134527,2134528,2134529,2134530,2134531,2134532,2134533,2134534,2134535,2134536,2134537,2134538,2134539,2134540,2134543,2134544,2145449,2145451,2145453,2145454,2145455,2145457,2145458,2145459,2145467,2145469,2145471,2145472,2145473,2145474,2145477,2145478,2145479,2145480,2145481,2145482,2145483,2145484,2145485,2145487,2145488,2145489,2145491,2145492,2145493,2145494,2145495,2145496,2145497,2145719,2145837,2145838,2146253,2146254,2146255,2146256,2146257,2146258,2146259,2146260,2146261,2146262,2146264,2146265,2146266,2146267,2146268,2146269,2146270,2146276,2146277,2146278,2146279,2146285,2146286,2146287,2146288,2146291,2146292,2146293,2146294,2146295,2146296,2146297,2146298,2146299,2146300,2146301,2146302,2146303,2146304,2146305,2146306,2146307,2146308,2146309,2146310,2146311,2146312,2146313,2146314,2146315,2146316,2146317,2146318,2146319,2146321,2146322,2146325,2146326,2146329,2146330,2146331,2146332,2146333,2146334,2146335,2146336,2146337,2146338,2146343,2146344,2146345,2146346,2146347,2146348,2147715,214715,2149108,2149109,2149110,2149111,2149112,2149113,2149114,2149115,2149116,2149117,2149118,2149119,2149120,2149121,2149122,2149123,2149124,2149125,2149126,2149127,2149128,2149129,2149130,2149119,2149131,2149121,2149132,2149133,2149122,2149269,2149124,2149270,2149271,2149125,2149530,149126,2149531,2149128,2149533,2149534,2154228,2149130,2155296,2149132,2155297,2155298,2155299,2156350,2156351,2156357,2156358,2156732,2156733,2156734,2156735,2156736,2156737,2156738,2156739,2156740,2156741,2156742,2156743,2156744,2156745,2156746,2156747,2156748,2156749,2156750,2156751,2156753,2156755,2156757,2156758,2156760,2156762,2156764,2156766,2156767,2156768,2156769,2156770,2156771,2156772,2156773,2156774,2156775,2156777,2156778,2156779,2156780,2156781,2156782,2156783,2156784,2156785,2156786,2157036,2157564,2157565,2157566,2157567,2157568,2157569,2157570,2157571,2157575,2157576,2157577,2157578,2157579,2157580,2157581,2157582,2157583,2157584,2157585,2157586,2157813,2157814,2158087,2158579,2158580,2158581,2158582,2158583,2158584,2158585,2161289,2161290,2161291,2161292,2161293,2161295,2158580,2161296,2158582,2161297,2161298,2158583,2161299,2161300,2161301,2161302,2161303,2161305,2161306,2161307,2161308,2161309,2161310,2161311,2161312,2161316,2161317,2161318,2161319,2161320,2161321,2161322,2161323,2161617,2161618,2162720,2162721,2162722,2162723,2162775,2163016,2163017,2163845,2163846,2161323,2163859,2161618,2163860,2163875,2163876,2164357,2162723,2164495,2164496,2162775,2164497,2163016,2164498,2163845,2166231,2166232,2163846,2166233,2163860,2167374,2167375,2163875,2167376,2163876,2167377,2164495,2167378,2167379,2164496,2167380,2167381,2167382,2167383,2167703,2169077,2169078,2169079,2169080,2169081,2167376,2169082,2169084,2167380,2169085,2167381,2169086,2167383,2169087,2169088,2167703,2169089,2169077,2169714,2169715,2169716,2169717,2169718,2169719,2169720,2169721,2169722,2169749,2169750,2169751,2169715,2169752,2169753,2169754,2169717,2169755,2169719,2169756,2170192,2170193,2169721,2170194,2169749,2170195,2171759,2169750,2171764,2169751,2171778,2169753,2171779,2172162,2169754,2172163,2172178,2182983,2182984,2182985,2182986,2182987,2182988,2182989,2182990,2182991,2182992,2182993,2182994,2182995,2182996,2182997,2182998,2182999,2183000,2183001,2183002,2183003,2183004,2183005,2183006,2183007,2183064,2183065,2183066,2183067,2183136,2183137,2183138,2183139,2183140,2183141,2183142,2183143,2183144,2183145,2183146,2183147,2183148,2183149,2183150,2183151,2183152,2183153,2183193,2183338,2183339,2183863,2183864,2183866,2183867,2183874,2184022,2184028,2184170,2184171,2184580,2184590,2185574,2185575,2185576,2185577,2185578,2185580,2185581,2185583,2185584,2185585,2185586,2185587,2185588,2185589,2185590,2185591,2185592,2185593,2185594,2185595,2185596,2185597,2185598,2185599,2185600,2185601,2185602,2185603,2185604,2185605,2185606,2185607,2185608,2185609,2185596,2185610,2185600,2185621,2185622,2185601,2185625,2185602,2185627,2185604,2186530,2186541,2188491,2185607,2188492,2188493,2185608,2188494,2185605,2188495,2185621,2188496,2190549,2185622,2190550,2190551,2190552,2190553,2190554,2190555,2190556,2190557,2190558,2191686,2192196,2192213,2192214,2192215,2192216,2192235,2190554,2192236,2192238,2192246,2192247,2193116,2193120,2193125,2193128,2193131,2193134,2193137,2193140,2193144,2193148,2193163,2193952,2193956,2193963,2193966,2193982,2193986,2193990,2193993,2194403,2194404,2194433,2194434,2194435,2193963,2194436,2194437,2193966,2194438,2193982,2194439,2193990,2194440,2194441,2193993,2194442,2194403,2194443,2194433,2194444,2194445,2194434,2194446,2194435,2194447,2194437,2194448,2194484,2194436,2194485,2194439,2194486,2194441,2194487,2194488,2194442,2194489,2194443,2194490,2194448,2194503,2194504,2194446,2194505,2194506,2195185,2195187,2195188,2195189,2195190,2195201,2195202,2195203,2195204,2195205,2195207,2195208,2195209,2195210,2195221,2195222,2195223,2195224,2195225,2195226,2195227,2195228,2195229,2195230,2195241,2195242,2195243,2195244,2195245,2195773,2196294,2196299,2196312,2196315,2196318,2196352,2196356,2196359,2196362,2196365,2196368,2196382,2196386,2196389,2196402,2196405,2198868,2198978,2198979,2198980,2198991,2198992,2198993,2198994,2198995,2198996,2198997,2198998,2198999,2199000,2199001,2199002,2199003,2199005,2199006,2199007,2199008,2199009,2199011,2199012,2199013,2199014,2199015,2199016,2199017,2199018,2199007,2199019,2199020,2199021,2199022,2199012,2199023,2199024,2199013,2199025,2199014,2199026,2199027,2199028,2199029,2199030,2199735,2200017,2200672,2200673,2200674,2200675,2200676,2200677,2200678,2200679,2200680,2200691,2200692,2200693,2200694,2200695,2200696,2200698,2200699,2200700,2200701,2200702,2200703,2200704,2200705,2200706,2200707,2200708,2200709,2200711,2200712,2200713,2200715,2200716,2200717,2200719,2200720,2200722,2200723,2200919,2200952,2200953,2200954,2200955,2200957,2200958,2200959,2200960,2200971,2200972,2200973,2200974,2200975,2200976,2200977,2200979,2200991,2200992,2201898,2201899,2201900,2202180,2202201,2202202,2202203,2202204,2202206,2202624,2203938,2203939,2204617,2204618,2204867,2204868,2204992,2204993,2204994,2204995,2205250,2205262,2205316,2205317,2236667,2236775,2237189,2237193,2237204,2237205,2237208,2237209,2237210,2237211,2237212,2237213,2237215,2237216,2237217,2237218,2237220,2237221,2237222,2237226,2237227,2237228,2237231,2237232,2237237,2237239,2237240,2237241,2237242,2238214,2238215,2238345,2238411,2238413,2238494,2238496,2238346,2238497,2238499,2238500,2238502,2238504,2238505,2238506,2238507,2238611,2238612,2238613,2238614,2238615,2238616,2238618,2238619,2238621,2238632,2238633,2239886,2240757,2240759,2240760,2240762,2240843,2240854,2241314,2241380,2241381,2242258,2243283,2240757,2243310,2243311,2240755,2243312,2240760,2243313,2243314,2243315,2243316,2243317,2243318,2243319,2242058,2243320,2243283,2243321,2243311,2243322,2243323,2243312,2243324,2243314,2243325,2245027,2245029,2245225,2247391,2247643,2248658,2248659,2248804,2248805,2248806,2248807,2248808,2249013,2245025,2249415,2250167,2250460,2250571,2250572,2250573,2250584,2250677,2250678,2250679,2250680,2250681,2250682,2250683,2250694,2250695,2250696,2250697,2250698,2250699,2250700,2250701,2250702,2250703,2250705,2250706,2250707,2250708,2250709,2251222,2251926,2251927,2251928,2251929,2251930,2251931,2252477,2252479,2252480,2252482,2252483,2252500,2252501,2252502,2252503,2252504,2252505,2252506,2252521,2252522,2252526,2252865,2252866,2252867,2252868,2253055,2253805,2254136,2254138,2254139,2254140,2254141,2254154,2254155,2254156,2254157,2254158,2254159,2254160,2254178,2254179,2254180,2254288,2254317,2254453,2254543,2254556,2254893,2254917,2256644,2256645,2256646,2256647,2256648,2256649,2256650,2256651,2256692,2256775,2256776,2257323,2257334,2257335,2257986,2257988,2257989,2257995,2257996,2257997,2257998,2257999,2258000,2258024,2258025,2258026,2258214,2260280,2260283,2260304,2262274,2262275,2262276,2262277,2262278,2262279,2262280,2262281,2262282,2262283,2262284,2262285,2262286,2262287,2262288,2262289,2262290,2262291,2262292,2262293,2262294,2262295,2262296,2262297,2262298,2262299,2262300,2262301,2262309,2262399,2262400,2262401,2262402,2262414,2262417,2262418,2262419,2262420,2262421,2262305,2262422,2262423,2262395,2262424,2262425,2262402,2262427,2262428,2262414,2262429,2262417,2262430,2262419,2262432,2262435,2262420,2262436,2262421,2262437,2262423,2262438,2262439,2262424,2262440,2262441,2262442,2262443,2262425,2262444,2262445,2262446,2262447,2262448,2262449,2262450,2262451,2264704,2265352,2265730,2265733,2265962,2265963,2266799,2266801,2266802,2266803,2271395,2271704,2271705,2271706,2271707,2271710,2271712,2272032,2272033,2272085,2272086,2272087,2272088,2272089,2272090,2272091,2272093,2272094,2272095,2272096,2272097,2272098,2272099,2272100,2272101,2272102,2272103,2272104,2272105,2272106,2272107,2272108,2273429,2273524,2273525,2273561,2273951,2273952,2274172,2274173,2274174,2275429,2276663,2276819,2276820,2277192,2277193,2277194,2277195,2277196,2277197,2277198,2277262,2277316,2277325,2277326,2277327,2277330,2277407,2277408,2277690,2277691,2277692,2277693,2277694,2277695,2277696,2277697,2277698,2277699,2277700,2277701,2277702,2277703,2277704,2277708,2277705,2277706,2277707,2277709,2277710,2277711,2277712,2277713,2277714,2277718,2277715,2277716,2277715,2277717,2277718,2277719,2277720,2277721,2277722,2277723,2277724,2277725,2277726,2277727,2277728,2277729,2279191,2279192,2279303,2279488,2281222,2281223,2281244,2281245,2281247,2281248,2281249,2281250,2281251,2281265,2281266,2281267,2281268,2281269,2281270,2281271,2281272,2281278,2281280,2281281,2281357,2281358,2281359,2281915,2281916,2281917,2281918,2282298,2282299,2282300,2282301,2282302,2282303,2282304,2282305,2282306,2282307,2282308,2282309,2282310,2282311,2282312,2282313,2282314,2282315,2282316,2282317,2283703,2283967,2283968,2283970,2283971,2283998,2283999,2284000,2284001,2284310,2284311,2284312,2284313,2284314,2284315,2284316,2284317,2284318,2284319,2284321,2284322,2284323,2284324,2284325,2284326,2284327,2284329,2284331,2284333,2284335,2284336,2284337,2284338,2284339,2284340,2284341,2284342,2284343,2284354,2284355,2284356,2284357,2284358,2284359,2284360,2284361,2284362,2284363,2284364,2284365,2284366,2284367,2284368,2284375,2284377,2284378,2284379,2284380,2284381,2284382,2284383,2284384,2284385,2284386,2284387,2284388,2284389,2284390,2284391,2284392,2284393,2284394,2284395,2284397,2285768,2285769,2285770,2286410,2286411,2286412,2286413,2286434,2286435,2286436,2286437,2286438,2286439,2286446,2286448,2286449,2286519,2286520,2286521,2286522,2286523,2286604,2286605,2286606,2286607,2287416,2287417,2287418,2287419,2287420,2287421,2287422,2287423,2287434,2287435,2287853,2287898,2287899,2287900,2287901,2287902,2287903,2287904,2287905,2287906,2287908,2287909,2287910,2287911,2287912,2287914,2287915,2287916,2287917,2287918,2289714,2289715,2289716,2289717,2289718,2289719,2289720,2289721,2289856,2289878,2289879,2289880,2289881,2289882,2289883,2289884,2289885,2289886,2289887,2289888,2289889,2289890,2289891,2289892,2289893,2289894,2289895,2289896,2289897,2289898,2289899,2289900,2289901,2289902,2289903,2289904,2289905,2289906,2289907,2289908,2289929,2289930,2289931,2289932,2290002,2290003,2290005,2290006,2290581,2290583,2290892,2290893,2292250,2292251,2292252,2292253,2292704,2292705,2292706,2292707,2292708,2292709,2292710,2292711,2292712,2292713,2292714,2292715,2292716,2292717,2292718,2292719,2292720,2292721,2292722,2292723,2292724,2292725,2292726,2292727,2292728,2292729,2292730,2292731,2292733,2292734,2292735,2292736,2292737,2292738,2292739,2292740,2292741,2292742,2292743,2292744,2292746,2292747,2292748,2292749,2292750,2292751,2292752,2292753,2292755,2292756,2292757,2292758,2292759,2292760,2292761,2292762,2292763,2292774,2292775,2292776,2292777,2292778,2292779,2292780,2292781,2292782,2292783,2293500,2293502,2293507,2294437,2294438,2295003,2295971,2298089,2298090,2298091,2298316,2299904,2300602,2300665,2301550,2301905,2301908,2302170,2302172,2302185,2302188,2302295,2302296,2302395,2302711,2304213,2304224,2304225,2304226,2304227,2304228,2304229,2304230,2304231,2304232,2304233,2304234,2304235,2304236,2304237,2304238,2304838,2304839,2304840,2304864,2304954,2306163,2307354,2307357,2307360,2308786,2308789,2309103,2309136,2309139,2309142,2309563,2309634,2309635,2309636,2309638,2309640,2310320,2310882,2323674,2323675,2323676,2323687,2323688,2323689,2323690,2323691,2323693,2323694,2323695,2323696,2323697,2323698,2323699,2323701,2323702,2323703,2323704,2323705,2323706,2323707,2323708,2323939,2323940,2324904,2324905,2324933,2325326,2325328,2325329,2325330,2325331,2325332,2325333,2325334,2325335,2325336,2325337,2325338,2325339,2325340,2325341,2325342,2326521,2330314,2330527,2330528,2330846,2330847,2330848,2330849,2330850,2330851,2330852,2330863,2330864,2330865,2330866,2330867,2330868,2330869,2330870,2330871,2331281,2331282,2331640,2331741,2331880,2331881,2331882,2331912,2331921,2331923,2331924,2331925,2331926,2331927,2331928,2331930,2331931,2331932,2331933,2331934,2331935,2331936,2331937,2331938,2331940,2331942,2331943,2331944,2331945,2331946,2331947,2331949,2331950,2331952,2331954,2331955,2331957,2331958,2331959,2332797,2332798,2332799,2332800,2332879,2332880,2332881,2332882,2332973,2332974,2332975,2332976,2332977,2332978,2332979,2332980,2332981,2332982,2332984,2332985,2333909,2333910,2338453,2338454,2338455,2338456,2338371,2338457,2338372,2338458,2338459,2338460,2338461,2338462,2338372,2338463,2338464,2338465,2338466,2338467,2338468,2338469,2338470,2338471,2338472,2338473,2338474,2338475,2338476,2338477,2338478,2338479,2338480,2338482,2338483,2338484,2338485,2338486,2338488,2338489,2338490,2338491,2338492,2338493,2338494,2338495,2338496,2338497,2338498,2338499,2338500,2338501,2338502,2338503,2338504,2338505,2338506,2338507,2338508,2338509,2338510,2338511,2338512,2338554,2338555,2338556,2338557,2338558,2338559,2338560,2338561,2338562,2338563,2338564,2338565,2338566,2338567,2338568,2338569,2338570,2338571,2338572,2338573,2338574,2338575,2338576,2338577,2338578,2338579,2338580,2338581,2338582,2338583,2372149,2372150,2372151,2377579,2378871,2378872,2378883,2378884,2378885,2378886,2378887,2378888,2378889,2378890,2378891,2378892,2378903,2378904,2378905,2378906,2378907,2378908,2380122,2380133,2380134,2385579,2385580,2385581,2385582,2386571,2386572,2386573,2386574,2386595,2386596,2386597,2386598,2386599,2386600,2386601,2386602,2386603,2386604,2386605,2386606,2386607,2386609,2386610,2386611,2386612,2386613,2386614,2386615,2386616,2386617,2386618,2386619,2386867,2386868,2389044,2391101,2391102,2391103,2391104,2391115,2391116,2391117,2391118,2391119,2391120,2391121,2391122,2391123,2391124,2391125,2391126,2391127,2391128,2391129,2391130,2391132,2391133,2391134,2391135,2391136,2391137,2391138,2391139,2391140,2391141,2391142,2391143,2391144,2391145,2391146,2391147,2391148,2391149,2391150,2391151,2391153,2391154,2391155,2391156,2391407,2391408,2391409,2391410,2391149,2391411,2391412,2391150,2391413,2391414,2391415,2391416,2391419,2391420,2391421,2391422,2391423,2391424,2391455,2391456,2391457,2391458,2391461,2391462,2391463,2391421,2392567,2395295,2391422,2395296,2391423,2395297,2395298,2396018,2396019,2396020,2396021,2396022,2396023,2396024,2396025,2396277,2396282,2396283,2396284,2396295,2396296,2396297,2396298,2396299,2396300,2396301,2396302,2396303,2396305,2396306,2396307,2396308,2396309,2396310,2396311,2396312,2396313,2396314,2396315,2396316,2396317,2396318,2396319,2396320,2396321,2396322,2396323,2396324,2396325,2396326,2396327,2396328,2396329,2396330,2396331,2396332,2396333,2396334,2396335,2396336,2396337,2396338,2396339,2396340,2396341,2396342,2396343,2396345,2396346,2396347,2396348,2396349,2396350,2396351,2396353,2396354,2396355,2396356,2396357,2396358,2396359,2396361,2396362,2396363,2396364,2396366,2396368,2396370,2396371,2396375,2396376,2396377,2396378,2396379,2396380,2396381,2396382,2396383,2396384,2396385,2396386,2396387,2396388,2396389,2396390,2396391,2396392,2396393,2396394,2396395,2396396,2396397,2396398,2396399,2396906,2396907,2396908,2398555,2399869,2399870,2402247,2402248,2402249,2402250,2402251,2402252,2402253,2402254,2402255,2402256,2402260,2402261,2402262,2402263,2402264,2402265,2402266,2402267,2402268,2404309,2404310,2404340,2404341,2404344,2404396,2404401,2404402,2405345,2405346,2405348,2405349,2405350,2405351,2405352,2405353,2405354,2405355,2405356,2405357,2405359,2405360,2405361,2405362,2405363,2405364,2405365,2405366,2405367,2405368,2405371,2405372,2405373,2405374,2405375,2405376,2405377,2405378,2405379,2405380,2405384,2405385,2405386,2405387,2405388,2405389,2405390,2405391,2405392,2405393,2408849,2408850,2410701,2410753,2410754,2410835,2410836,2410837,2410838,2410839,2410840,2410841,2410842,2410843,2410844,2410845,2410846,2410847,2410848,2416776,2418184,2418205,2418206,2418207,2418208,2418209,2418210,2418211,2418212,2418213,2418214,2418215,2418216,2418217,2418218,2418219,2418220,2418221,2418222,2418223,2418224,2418225,2418226,2418227,2418228,2418229,2418230,2418231,2418232,2418276,2418277,2418278,2418279,2418280,2418281,2418282,2418283,2418284,2418285,2418286,2418287,2418288,2418289,2418290,2418291,2418292,2418293,2418294,2418295,2418296,2418297,2418298,2418299,2418300,2418301,2418302,2418303,2418304,2418305,2418306,2418307,2418308,2418309,2418310,2418311,2418690,2418770,2418771,2418772,2418773,2418947,2418948,2418949,2418950,2418951,2418952,2418953,2418954,2418965,2418966,2418967,2418968,2418969,2418970,2418971,2418972,2418973,2418974,2419739,2419740,2420308,2420309,2420310,2420311,2420312,2420313,2420314,2420315,2420316,2420317,2420318,2420319,2420320,2420321,2420322,2420323,2420324,2420325,2420326,2420327,2420328,2420329,2420330,2420737,2420738,2420739,2422082,2422083,2422084,2422662,2423028,2426048,2426619,2426620,2426621,2426622,2426623,2426624,2426625,2426626,2426627,2426628,2426629,2426630,2426631,2426632,2426633,2426634,2426635,2431287,2431288,2431299,2431300,2431311,2431312,2431301,2431302,2431304,2431305,2431307,2431308,2431309,2431310,2431315,2431316,2431317,2431318,2431319,2431320,2431968,2431979,2431980,2431981,2431982,2431983,2432413,2432414,2432415,2432416,2432610,2432611,2432612,2434957,2434958,2435009,2435010,2435011,2435012,2435013,2435014,2435015,2435018,2435059,2435060,2435061,2435062,2435063,2435064,2435065,2435066,2435067,2435068,2435069,2435070,2436616,2436617,2436618,2436619,2436620,2436621,2436624,2436625,2436626,2436627,2436628,2436639,2436640,2436641,2437704,2438347,2442140,2444098,2444129,2445194,2445304,2438369,2445305,2445306,2445307,2445308,2445359,2445360,2445361,2445362,2445363,2445364,2445365,2445366,2445367,2445368,2445369,2445375,2445376,2445382,2445383,2445384,2445385,2445386,2445387,2445388,2445389,2445390,2445391,2445394,2445395,2445396,2445397,2445398,2445399,2445400,2445401,2445386,2445402,2450674,2450675,2450676,2450875,2453107,2454026,2458972,2458973,2458974,2461848,2461849,2461850,2461851,2461852,2461853,2461854,2461855,2461856,2461857,2461858,2461859,2461860,2461861,2461862,2461863,2461864,2468317,2472919,2472920,2474908,2476418,2476528,2476534,2483750,2486358,2486359,2486360,2486361,2486396,2486397,2486553,2486554,2486555,2486556,2486557,2486558,2486559,2486560,2486561,2486562,2486565,2486566,2486567,2486568,2486569,2489647,2489794,2490719,2490720,2491042,2491476,2491526,2491527,2491528,2491529,2491530,2491531,2491532,2491533,2491534,2491535,2491536,2491537,2491538,2491539,2491540,2491541,2491542,2491543,2491544,2491545,2491546,2491548,2491549,2491550,2491551,2491552,2491553,2491554,2491555,2491556,2491557,2491558,2491559,2491560,2491561,2491562,2491563,2491564,2491565,2491566,2491567,2491568,2492352,2494421,2533850,2531370,2534648,2534649,2534650,2534651,2534652,2534653,2534654,2534655,2534656,2534657,2534658,2534659,2534660,2534661,2534662,2534663,2534664,2534665,2534666,2534667,2534668,2534669,2534670,2534671,2534672,2534673,2534674,2534675,2534676,2534677,2534678,2534679,2534680,2534681,2534682,2534683,2534684,2534685,2534686,2534687,2534688,2534689,2534690,2534691,2534692,2534693,2534694,2534695,2534696,2534698,2534699,2534700,2534701,2534702,2534703,2534704,2534705,2534706,2534707,2534708,2534709,2534710,2534711,2534712,2534713,2536413,2536414,2536415,2536416,2536417,2536418,2536419,2536420,2536421,2536422,2536423,2536424,2536425,2536426,2536427,2536428,2536429,2536430,2536435,2536436,2536437,2541605,2541608,2541610,2541611,2541613,2541614,2541615,2541616,2541617,2541618,2541619,2541620,2541622,2541634,2541636,2541638,2541640,2541642,2541647,2547174,2547175,2553287,2556157,2556158,2556159,2556160,2556161,2556162,2556163,2556164,2556165,2556166,2556167,2556168,2556169,2556170,2556171,2556172,2556173,2556174,2556175,2557512,2557527,2557528,2557529,2557530,2557531,2557532,2557543,2557544,2557545,2557549,2557550,2557551,2557552,2557553,2557554,2557555,2557556,2557557,2559140,2559141,2559142,2559183,2559184,2559185,2559186,2559187,2559188,2559189,2559190,2559191,2559192,2559193,2559194,2559195,2559196,2559197,2559198,2559199,2559200,2559201,2560081,2560082,2560093,2560094,2560095,2560096,2560097,2560098,2560099,2560100,2560102,2560103,2560104,2560105,2560106,2560107,2560108,2560109,2560110,2560111,2560112,2560113,2560114,2560115,2560116,2560117,2560118,2560119,2560120,2560121,2560122,2560123,2560124,2560125,2560126,2560127,2560128,2560129,2560130,2560131,2560132,2560133,2560134,2560135,2560136,2560137,2560138,2560139,2560140,2560141,2560142,2560143,2560144,2560145,2560146,2560147,2560148,2560149,2560163,2560169,2560192,2560203,2560204,2560205,2560206,2560207,2560208,2560209,2560210,2560211,2560212,2560213,2560214,2560215,2560216,2560217,2560218,2560219,2560220,2560221,2560222,2560223,2560224,2560225,2560226,2560760,2560761,2560762,2560763,2560764,2560765,2560766,2560767,2560769,2560770,2560771,2560772,2560783,2560784,2560786,2560787,2560788,2560789,2560791,2560797,2560798,2560799,2560800,2560801,2560802,2561249,2561250,2561251,2561252,2561263,2561264,2561266,2561267,2560795,2561268,2561269,2561270,2561271,2561249,2561605,2561606,2561607,2561608,2561609,2561610,2561611,2561612,2561633,2561634,2561635,2561636,2561637,2561638,2561639,2561640,2561641,2561642,2561643,2561644,2561645,2561646,2561647,2561648,2561649,2561650,2561651,2561652,2561653,2561654,2561655,2561656,2561657,2561658,2561659,2561660,2561667,2561668,2561669,2561670,2561671,2561672,2561696,2561697,2561833,2561834,2561835,2561836,2561837,2561838,2561839,2561671,2561840,2561841,2561672,2561842,2561843,2561844,2561845,2561846,2561847,2561848,2561849,2561850,2561851,2561852,2561853,2561854,2561855,2561856,2561857,2561858,2561859,2561860,2561861,2561862,2561863,2561864,2561865,2561866,2561867,2561868,2561869,2561870,2561871,2561872,2561873,2561874,2561875,2561876,2561877,2561878,2561879,2561880,2561881,2561882,2561883,2561884,2561885,2561886,2561887,2561888,2561889,2561890,2561891,2561892,2561893,2561894,2561895,2561896,2561885,2561897,2561908,2561909,2562165,2562166,2562167,2562168,2562169,2562170,2562171,2562172,2562173,2562174,2562176,2562177,2562178,2562179,2562180,2562181,2562182,2562183,2567272,2567297,2571125,2573980,2573981,2574299,2574300,2574989,2574990,2574991,2574992,2575013,2575014,2575017,2575018,2575019,2575020,2575021,2575022,2575033,2575034,2575035,2575013,2575036,2575037,2575014,2575038,2575039,2575040,2575041,2575042,2575659,2575660,2575661,2575662,2575663,2575664,2575665,2575666,2575667,2575668,2575669,2575670,2575671,2575672,2575673,2575674,2575675,2575676,2575677,2575678,2575679,2575680,2575681,2575682,2576089,2576090,2576091,2576092,2576103,2576104,2576105,2576106,2576107,2576108,2576109,2576110,2576111,2576112,2576113,2576114,2576115,2576116,2576117,2576118,2576119,2576120,2576121,2576122,2576123,2576124,2576125,2576126,2576127,2576128,2576129,2576130,2576131,2576132,2576133,2576232,2576751,2579102,2579104,2581161,2582921,2583266,2587446,2594916,2594918,2595314,2595315,2595316,2595317,2596360,2596361,2596362,2596365,2596407,2596408,2596409,2596884,2596885,2596886,2596887,2596888,2596889,2596890,2596891,2596892,2596923,2596924,2596925,2596926,2596927,2596928,2596929,2596930,2596931,2596932,2596933,2596934,2596935,2596936,2596937,2596938,2596939,2596940,2596941,2596942,2596953,2596954,2596955,2596956,2596957,2596958,2596959,2596960,2596961,2596962,2596963,2596964,2596965,2596966,2596967,2596968,2596969,2596970,2596971,2596972,2596973,2596974,2596975,2596976,2596977,2596978,2596979,2596980,2596981,2596982,2596983,2596984,2596985,2596986,2596987,2596988,2597322,2597323,2597324,2597325,2597326,2597327,2597328,2597329,2597330,2597331,2597332,2597333,2597334,2597335,2597336,2597337,2597338,2597339,2597340,2597671,2597672,2597683,2597684,2597685,2597686,2597687,2597688,2601919,2608641,2608642,2608673,2608674,2608675,2608676,2608677,2608678,2608679,2608680,2611384,2611385,2611386,2611387,2611388,2611389,2611390,2612260,2612288,2612289,2613684,2618319,2618320,2618425,2618426,2618427,2618428,2618586,2618587,2618588,2618619,2618620,2618683,2618684,2618834,2618835,2618906,2618907,2618908,2618909,2619711,2619712,2619714,2619939,2619940,2619941,2619942,2619963,2619964,2619965,2619966,2619998,2619999,2620000,2620001,2620002,2620003,2620155,2620156,2620157,2620158,2620159,2620160,2621077,2621122,2621123,2621124,2621125,2621126,2621127,2621213,2621214,2621215,2621217,2621218,2621219,2621220,2621221,2621301,2621302,2621303,2621304,2621305,2621306,2621307,2621308,2621309,2621310,2621333,2621334,2621335,2621336,2621337,2621338,2621339,2621340,2621341,2621342,2621343,2621344,2621345,2621348,2621349,2621350,2621351,2625264,2625350,2625351,2625352,2625353,2625354,2627434,2629977,2629978,2629979,2629980,2629981,2630043,2630044,2630045,2630046,2630047,2630048,2630049,2630050,2630051,2630052,2630053,2630054,2630055,2630056,2630057,2630058,2630059,2630060,2630061,2630062,2630073,2630074,2630075,2630569,2631420,2631765,2631766,2632410,2632411,2635743,2635744,2635747,2635749,2636055,2635351,2636056,2636057,2636058,2641656,2641657,2641658,2641659,2641660,2641661,2641662,2641753,2641754,2641755,2641758,2641763,2641764,2641765,2641766,2641767,2641768,2641769,2641770,2641771,2641772,2641773,2641774,2641775,2641776,2641777,2641778,2641779,2641780,2641781,2641782,2641783,2641784,2641785,2641786,2641787,2641788,2641789,2641790,2641791,2641792,2641793,2641794,2641795,2641796,2641797,2641798,2641799,2641800,2642788,2642789,2642790,2642791,2641793,2642796,2641794,2642797,2641796,2642798,2642799,2642800,2642801,2642802,2642838,2642839,2642840,2642841,2642856,2642858,2642859,2642860,2643239,2643240,2643241,2643242,2643633,2643634,2643635,2643636,2643637,2643638,2643639,2643640,2643641,2643642,2643643,2643644,2643645,2643634,2643646,2643647,2643648,2643649,2643650,2643651,2643652,2643653,2643642,2643654,2643644,2643655,2644425,2643645,2644426,2643646,2645536,2643648,2645537,2645538,2643649,2645539,2643650,2645540,2645541,2645542,2645553,2643654,2645554,2645556,2645561,2645562,2645563,2645564,2645565,2645566,2645567,2645568,2645569,2645570,2645571,2645572,2645573,2645575,2645576,2645577,2645578,2645579,2645580,2645581,2645582,2645593,2645595,2645596,2645597,2645598,2645599,2645600,2645601,2645602,2645663,2645664,2645582,2645703,2645704,2645596,2645705,2645706,2645707,2645708,2645709,2645710,2645711,2645712,2645664,2645753,2646369,2645703,2646370,2646371,2645706,2646372,2646667,2645707,2646668,2646669,2646670,2645710,2646671,2646672,2646753,2646754,2646755,2646756,2646372,2646763,2646764,2646765,2646668,2646766,2646767,2646768,2646769,2646770,2646771,2646830,2646831,2646832,2646867,2646868,2646869,2646870,2646871,2646872,2647023,2647024,2647025,2647026,2647053,2647054,2647055,2647056,2647057,2647058,2647059,2646872,2647060,2647023,2647061,2647115,2655688,2655689,2655690,2655923,2655924,2655925,2657793,2659438,2659439,2659440,2659441,2659442,2659463,2659464,2659465,2659466,2659467,2659468,2659469,2659473,2659474,2659475,2659476,2659477,2659493,2659494,2659495,2659496,2660710,2660725,2662538,2662539,2662540,2662541,2662542,2662793,2662795,2662796,2662797,2662798,2662799,2662813,2664395,2664396,2664397,2664398,2664399,2664400,2664401,2664402,2664503,2664504,2664505,2664506,2664507,2664508,2664509,2664510,2664511,2664512,2664533,2664534,2664535,2664536,2664537,2664538,2664539,2664540,2664541,2664542,2664543,2664544,2664545,2664546,2664547,2664548,2664549,2664550,2664551,2664552,2664553,2664554,2664555,2664556,2664557,2664558,2664559,2664560,2664561,2664562,2664563,2664564,2664565,2664566,2664567,2664568,2664569,2664570,2664571,2666338,2666339,2666340,2666341,2666342,2666355,2666356,2666357,2666358,2666359,2666360,2666361,2666362,2666403,2666404,2666405,2666406,2666407,2666408,2666409,2666410,2666411,2666412,2666413,2666362,2666414,2666415,2666433,2666434,2666435,2666436,2668350,2668351,2668352,2668359,2668360,2668361,2668362,2668723,2668724,2669653,2669654,2669655,2669661,2670298,2670299,2670300,2670321,2670322,2670463,2670464,2670471,2670472,2706585,2706892,2707620,2708751,2708752,2708753,2708754,2709045,2710329,2710338,2715324,2717110,2717112,2717113,2717114,2717229,2717230,2717231,2717232,2717233,2717234,2717255,2717256,2717257,2717258,2717259,2717260,2717261,2717262,2717263,2717264,2717265,2717266,2717267,2717268,2717269,2717270,2717271,2717272,2717273,2717274,2717275,2717276,2717277,2717278,2717279,2717280,2717281,2717282,2717283,2717284,2717285,2717286,2717287,2717288,2717289,2717291,2717292,2717293,2717294,2717295,2717296,2717237,2717297,2717298,2717303,2717304,2717305,2717306,2717307,2717308,2717485,2717486,2717487,2717488,2717489,2717490,2717491,2717492,2717493,2717494,2717495,2717496,2717497,2717498,2717499,2717500,2717501,2717502,2717505,2717506,2719337,2719338,2719339,2719340,2719341,2719342,2719343,2719344,2719347,2719348,2719349,2719350,2719351,2719353,2719354,2719435,2719436,2719437,2719438,2719439,2719440,2719441,2719442,2719443,2719444,2719445,2719446,2719447,2719448,2719449,2719450,2719451,2719452,2719455,2719456,2719457,2719459,2728328,2728968,2737451,2737452,2737453,2737454,2737465,2738287,2738288,2738289,2738290,2738291,2738292,2738993,2739099,2739100,2741119,2741120,2741121,2741322,2741323,2741324,2741458,2741459,2741460,2741461,2741505,2741506,2741507,2741508,2741509,2741510,2741511,2742354,27a145s,2743595,2744895,2741460,2744896,2741461,2744897,2744898,2744899,2747582,2747583,2747584,2751962,2751963,2755404,2755591,2755592,2755733,2755734,2758775,2759830,2761644,2763172,2763173,2763174,2763295,2763296,2763297,2763298,2763299,2764969,2764970,2764971,2764972,2764973,2764974,2765095,2765096,2765097,2765098,2765099,2765100,2765101,2765102,2765103,2765104,2765105,2765106,2765107,2765108,2766124,2766595,2766596,2766597,2766598,2766599,2766600,2766601,2766602,2768174,2769727,2769728,2769729,2771414,2771629,2771630,2771631,2771632,2771633,2771634,2771755,2771634,2771756,2771756,2771757,2769725,2771758,2771759,2771760,2771761,2771762,2771763,2771764,2771765,2771766,2771767,2771768,2771769,2771770,2771771,2771772,2771773,2771774,2771775,2771776,2771777,2771778,2771785,2771786,2771787,2771788,2771789,2771789,2771790,2771791,2771792,2771793,2771794,2771795,2771796,2771797,2771798,2771799,2771800,2771801,2771802,2771803,2771804,2771815,2771816,2771817,2771818,2771819,2771820,2771821,2771822,2771823,2771824,2771825,2771826,2771827,2771828,2771829,2771830,2771831,2771893,2771894,2771906,2771907,2772178,2772175,2772176,2773850,2774472,2774473,2775178,2775179,2775878,2776849,2776850,2776868,2776869,2777640,2778440,2778441,2778442,2778919,2780230,2781747,2781748,2781749,2781750,2781751,2781752,2781753,2781754,2781885,2781886,2781887,2781888,2781889,2781890,2781891,2781892,2781893,2781894,2781895,2781896,2781897,2781898,2781899,2781900,2781901,2781902,2781903,2781904,2781905,2781906,2782583,2782584,2782795,2782796,2782797,2782798,2782799,2782800,2782801,2782802,2782803,2782804,2782835,2782836,2782837,2782838,2782839,2782840,2782841,2782842,2782843,2782844,2782845,2782846,2782847,2783603,2783604,2783635,2783636,2783637,2783638,2783639,2783640,2783828,2783829,2783830,2783831,2784569,2785815,2786114,2786325,2786326,2786327,2786328,2786329,2786330,2786331,2786332,2786333,2786334,2786335,2786336,2786337,2786338,2786339,2786340,2786341,2786342,2786343,2786344,2786345,2786346,2786347,2786348,2786349,2786350,2786351,2786352,2786917,2786918,2786919,2786938,2787055,2787061,2787062,2787063,2787064,2787151,2787152,2787153,2787419,2787420,2787421,2787422,2787447,2788667,2788668,2788670,2788672,2788673,2788674,2789045,2789046,2789047,2789167,2789272,2789661,2789662,2790217,2792068,2792069,2792070,2793662,2794146,2794769,2794770,2794771,2794772,2794773,2794774,2794925,2794926,2794927,2794928,2794929,2794930,2796288,2796289,2796290,2796291,2796292,2796293,2796361,2796362,2796363,2796364,2796395,2796396,2799263,2799264,2800410,2802085,2802086,2802087,2802088,2802089,2803218,2803219,2803220,2803221,2803222,2803223,2803224,2803235,2803236,2803237,2803258,2803259,2803260,2803261,2803262,2803263,2803264,2803265,2803266,2803267,2803268,2803269,2804406,2804407,2804408,2804409,2805067,2805068,2805069,2806354,2806365,2806366,2806367,2806368,2806369,2806370,2806371,2806372,2806373,2806374,2806375,2806376,2806377,2806378,2806379,2806380,2806381,2806382,2806383,2806384,2806385,2806386,2806387,2806388,2806389,2806390,2806391,2806392,2806393,2806394,2806395,2806396,2806397,2806398,2806399,2806400,2806401,2806402,2806403,2806404,2806405,2806406,2806407,2806408,2806409,2806410,2806411,2806401,2806412,2806413,2806414,2806425,2806426,2806427,2806406,2806428,2806429,2806405,2806430,2806431,2806410,2806432,2806411,2806433,2806434,2806435,2806414,2806436,2806437,2806438,2806439,2806440,2806441,2806442,2806443,2806444,2806445,2806446,2806447,2806448,2806449,2806450,2806451,2806452,2806453,2806454,2806455,2806444,2806456,2806446,2806457,2806458,2806459,2806448,2806460,2806450,2806461,2807128,2807129,2807130,2807131,2807132,2807133,2807134,2807285,2807707,2808430,2808431,2810815,2811522,2811523,2815144,2815860,2815861,2815862,2815863,2815864,2816125,2816126,2816127,2816128,2816129,2816130,2816989,2816990,2816991,2816992,2816993,2816994,2817115,2817116,2817117,2817118,2817119,2817120,2817319,2817320,2818355,2818356,2818357,2818358,2818359,2818360,2818361,2818362,2818363,2818383,2818384,2818395,2818396,2818397,2818398,2818399,2818400,2818401,2818402,2818403,2818404,2818405,2818406,2818407,2818455,2818456,2818457,2818458,2818459,2818460,2818461,2818462,2818463,2818464,2818465,2818466,2818467,2818468,2818469,2818470,2818471,2818472,2818473,2818474,2818485,2818486,2818487,2818488,2818489,2818490,2818491,2818492,2818493,2818494,2818510,2818511,2818512,2818513,2818514,2818525,2818526,2818527,2818528,2818529,2818530,2818531,2818532,2818533,2818534,2818535,2818536,2818537,2818538,2818539,2818540,2818541,2818542,2818543,2818544,2818545,2818546,2818547,2818548,2818549,2822077,2825011,2825012,2825013,2825014,2825019,2825035,2825036,2825037,2825038,2825039,2825040,2825041,2825370,2825371,2825372,2825373,2825374,2825435,2826082,2826346,2828108,2828109,2828110,2828111,2828112,2828113,2828114,2828345,2828346,2828347,2828348,2828349,2828350,2830375,2830376,2830377,2830378,2830379,2830380,2830400,2830425,2830381,2830426,2830382,2831029,2830396,2830397,2830398,2830399,2831030,2831031,2831032,2833825,2833829,2833830,2833831,2833832,2833833,2837932,2837933,2837934,2838756,2838926,2838927,2838928,2838929,2838930,2838931,2838932,2838933,2838934,2838935,2838936,2838937,2838938,2838939,2838940,2838941,2838942,2838943,2839153,2839179,2839231,2839239,2841717,2841718,2841719,2841720,2841721,2841722,2841723,2841724,2841785,2841786,2841787,2841788,2841789,2841790,2841791,2841792,2841793,2841794,2841835,2841836,2841837,2841838,2841839,2841840,2841841,2841842,2841843,2841844,2841875,2841876,2841878,2841879,2841880,2841881,2841882,2841883,2841884,2841885,2841886,2841887,2841888,2841889,2841890,2841891,2841892,2841893,2841894,2841895,2841896,2841897,2841905,2841906,2841907,2841908,2841909,2841910,2841911,2841912,2841913,2841914,2841935,2841936,2841937,2841938,2841939,2841940,2841941,2841942,2841943,2841944,2841955,2841956,2841957,2842030,2842031,2842032,2842033,2842034,2842050,2842051,2842052,2842053,2842054,2841957,2842085,2842086,2842030,2842087,2842032,2842088,2842089,2842033,2842090,2842034,2842091,2842051,2842092,2842093,2842052,2842094,2842053,2842105,2842106,2842107,2842108,2842109,2842110,2842111,2842112,2842113,2842093,2842114,2842115,2842094,2842116,2842105,2842117,2842107,2842118,2842119,2842108,2842120,2842121,2sa2111,2842122,2842123,2g42112,2842124,2842145,2842146,2842147,2842148,2842149,2842150,2842151,2842305,2842306,2842307,2842308,2843641,2843642,2843643,2843644,2843855,2843856,2843857,2843858,2843859,2842307,2843860,2845394,2842308,2846345,2846346,2843643,2846347,2847470,2847471,2847472,2843857,2849399,2849400,2849401,2849402,2850988,2845394,2850989,2850990,2850991,2850992,2850993,2850994,2851005,2851006,2851007,2851008,2851009,2851010,2851011,2851012,2851013,2851014,2851015,2851016,2851006,2851017,2851018,2851007,2851019,2851020,2851021,2851022,2851011,2851023,2851012,2851024,2851014,2851055,2851056,2851057,2851058,2851059,2851060,2851061,2851062,2851063,2851064,2851065,2851066,2851067,2853041,2853042,2853043,2853044,2853045,2853046,2853047,2853048,2853049,2853050,2853051,2853052,2853053,2853054,2853069,2853070,2853071,2853072,2853073,2853074,2853075,2853076,2853077,2853078,2853079,2853080,2853081,2853082,2853083,2853084,2853085,2853086,2853087,2853088,2853089,2853090,2853091,2853092,2853093,2853094,2853095,2853096,2853097,2853101,2853115,2853116,2853117,2853118,2853119,2853120,2853121,2853122,2853123,2853124,2853125,2853126,2853127,2853128,2853129,2853130,2853131,2853132,2853133,2853134,2853135,2853136,2853137,2853138,2853187,2853188,2853189,2853190,2853193,2853194,2857451,2857643,2857644,2857785,2857786,2864327,2865861,2866947,2866948,2866949,2866950,2866951,2866952,2866953,2866954,2867435,2867436,2867609,2867610,2867611,2867612,2867613,2867614,2867625,2867626,2866953,2867627,2867628,2867436,2868013,2868014,2867605,2868365,2867610,2870960,2870961,2872657,2877898,2877899,2877900,2877901,2877902,2877903,2881247,2881248,2881249,2881250,2881738,2881739,2881740,2881741,2881742,2881743,2881744,2881745,2881746,2881845,2881846,2882167,2882168,2882169,2882170,2882171,2882172,2882173,2882174,2882365,2882366,2882367,2882368,2882415,2882416,2882417,2882418,2882419,2882420,2882421,2882422,2882423,2882424,2882446,2882368,2882447,2882465,2882466,2882467,2882468,2882469,2882470,2882471,2882472,2882473,2882474,2882475,2882476,2882477,2882478,2882479,2882622,2882623,2882624,2882655,2882656,2882657,2882658,2882659,2882660,2882661,2882662,2882663,2882664,2882665,2882666,2882667,2882668,2882669,2882670,2882671,2882672,2882673,2882674,2882675,2882676,2882677,2882678,2882679,2882680,2882681,2882682,2882683,2882684,2882685,2882686,2882687,2882688,2882689,2882736,2882737,2882738,2882739,2882740,2882741,2882742,2882743,2882744,2882745,2882746,2882747,2882748,2882749,2882750,2882751,2882752,2882753,2882754,2883634,2883916,2883935,2885924,2885965,2885966,2885967,2885968,2885969,2885970,2885971,2885972,2885973,2885974,2885975,2885976,2885977,2885978,2885979,2885980,2885981,2885982,2885983,2885984,2885985,2885986,2885987,2885988,2885989,2885990,2885991,2885992,2885993,2885994,2885995,2885996,2890221,2890222,2890223,2890224,2890315,2890316,2890317,2890318,2890319,2890320,2890321,2890322,2890323,2890324,2890325,2890326,2890327,2890328,2890329,2890330,2890331,2890332,2890333,2890334,2890335,2890336,2890337,2890338,2890339,2890340,2890341,2890342,2890343,2890344,2890345,2890346,2890347,2890348,2890349,2890350,2890351,2890352,2890353,2890354,2890355,2890356,2890357,2890358,2890359,2890360,2890361,2890362,2890363,2890364,2890375,2890376,2890377,2890378,2890379,2890380,2890381,2890382,2890383,2890384,2890385,2890386,2890387,2890388,2890389,2890390,2890391,2890392,2890393,2890394,2890395,2890396,2890397,2890398,2890399,2890400,2890401,2890402,2890403,2890404,2890405,2890406,2890407,2890408,2890409,2890410,2890411,2890412,2890413,2890402,2890414,2890403,2890415,2890405,2890416,2890417,2890406,2890418,2890419,2890420,2890421,2890422,2890411,2890423,2890424,2890425,2890414,2890426,2890415,2890427,2890428,2890429,2890430,2890431,2890432,2890433,2893765,2893766,2893767,2893771,2893772,2893773,2894478,2894479,2894480,2894481,2894482,2894483,2895365,2895366,2895367,2895368,2896973,2896974,2900838,2900839,2901240,2901241,2906237,2906238,2906239,2916685,2916686,2916699,2916722,2916723,2916724,2916725,2916726,2916727,2916728,2916729,2916750,2916751,2916752,2916753,2916754,2916755,2916756,2916757,2916758,2916759,2916760,2916761,2916762,2916763,2916764,2916765,2916766,2916767,2916768,2916770,2916775,2916776,2916777,2916778,2916779,2916790,2916791,2916792,2916793,2916794,2916795,2916796,2916797,2916798,2916799,2916820,2916821,2916822,2916823,2916824,2916865,2916866,2916867,2916868,2916869,2916881,2916882,2916883,2916884,2916885,2916886,2916887,2916888,2916889,2916900,2916902,2916903,2916904,2916905,2916906,2916907,2916908,2916909,2916910,2916911,2916912,2916913,2916914,2916915,2916916,2916917,2916918,2916919,2916920,2916921,2916930,2916931,2916932,2916933,2916934,2916950,2916951,2916952,2916953,2916954,2916955,2916956,2916957,2916958,2916959,2916970,2916971,2916972,2916973,2916974,2916975,2916976,2916977,2916978,2916979,2916980,2916981,2916982,2916983,2916984,2916985,2916986,2916987,2916988,2918132,2918133,2919000,2919001,2919002,2919003,2928108,2928463,2928469,2928470,2929588,2929828,2929829,2929961,2929962,2929970,2929971,2930222,2930224,2930286,2930287,2930288,2930291,2930294,2930295,2930296,2930297,2930298,2930300,2930302,2930304,2930306,2930308,2930310,2930312,2930314,2930316,2930319,2930320,2930322,2930324,2930326,2930331,2930334,2930335,2930336,2930337,2930338,2930339,2930340,2930341,2930342,2930344,2930345,2930347,2930350,2930351,2930352,2930355,2930362,2930377,2930556,2930557,2930363,2930373,2930567,2930762,2930763,2930764,2930765,2930767,2930768,2930769,2930772,2930773,2930774,2930775,2930776,2930777,2930778,2930779,2930780,2930781,2930782,2930783,2930784,2930785,2930787,2930788,2930789,2930790,2930791,2930793,2930794,2930795,2930796,2930797,2930798,2930799,2930800,2930801,2930802,2930803,2930804,2930805,2930806,2930807,2930808,2930809,2930810,2930811,2930813,2930814,2930815,2930816,2930817,2930818,2930819,2930840,2930841,2930842,2930843,2930844,2930845,2930846,2930847,2930848,2930849,2930850,2930853,2930854,2930855,2930856,2930857,2930858,2930859,2930860,2930862,2930863,2930864,2930865,2930866,2930910,2930911,2930912,2930913,2930914,2935429,2935463,2935464,2937044,2937250,2939192,2939193,2939194,2939195,2939196,2939197,2939198,2939199,2939200,2939936,2939937,2940631,2942339,2942766,2942767,2942768,2942769,2942771,2942772,2942773,2942774,2942775,2942776,2942777,2942778,2942779,2942810,2942811,2942812,2942772,2942813,2942814,2942773,2944822,2942774,2944823,2942776,2945251,2945254,2942777,2947502,2942778,2947503,2948141,2948142,2948143,2948144,2948145,2948146,2948147,2948148,2948149,2948150,2948151,2948152,2948153,2948154,2948155,2948156,2948157,2948158,2948159,2948160,2948161,2948162,2948163,2948164,2948165,2948580,2952769,2954605,2958259,2958280,2958281,2958282,2958283,2958284,2958285,2958286,2958740,2958741,2958742,2958743,2958744,2958745,2958746,2958747,2958748,2958749,2958750,2958751,2958752,2958753,2958754,2973230,2973231,2973232,2973233,2973234,2973235,2973236,2973237,2973238,2973239,2973240,2973241,2973242,2973243,2973244,2974801,2974802,2974803,2974804,2977254,2977255,2977256,2977257,2977258,2977259,2977263,2977270,2977271,2977272,2977273,2977385,2977386,2977387,2977388,2977389,2977390,2977391,2977392,2977393,2977409,2977420,2977421,2977422,2977423,2977424,2977425,2977426,2977427,2977428,2977649,2977660,2977661,2977662,2977663,2977664,2977665,2977666,2977667,2977668,2977669,2977670,2977671,2977672,2977673,2979396,2979397,2979398,2979399,2979400,2979401,2979402,2979403,2979404,2986833,2986834,2986835,2986850,2986851,2986852,2986853,2986854,2986861,2986862,2989777,2989778,2990265,2996322,2996323,2996324,2996325,2996326,2996327,2996328,2996329,2996331,2996332,2996333,2996334,2996335,2996336,2996337,2996338,2996339,2996340,2996341,2996342,2996343,2996344,2996345,2996346,2996347,2996348,2996349,2996350,2996351,2996352,2996353,2996354,2996355,2996356,2996357,2996358,2996359,2996360,2996361,2996362,2996363,2996364,2996365,2996366,2996367,2996368,2996369,2996370,2996371,2996372,2996373,2996374,2996375,2996376,2996377,2996378,2996379,2996380,2996381,2996382,2996383,2996384,2996385,2996386,2996387,2996388,2996389,2996390,2996391,2996392,2996393,2996394,2996395,2996396,2996397,2996398,2996399,2996400,2996401,2996402,2996403,2996404,2996405,2996406,2996407,2996408,2996409,2996410,2996411,2996412,2996413,2996403,2996414,2996415,2996404,2996416,2996406,2996417,2996418,2996407,2996419,2996408,2996420,2o96410,2996421,2996422,2996411,2996423,2996412,2996424,2996414,2996425,2996426,2996427,2996428,2996429,2996430,2996432,2996433,2996434,2996440,2996441,2996442,2996443,2996444,2996445,2996446,2996447,2996448,2996449,2996450,2996451,2996452,2996453,2996454,2996455,2996456,2996457,2996458,2996459,2996460,2996461,2996462,2996463,2996464,2996465,2996466,2996467,2996981,2996982,2996983,2997791,2997792,2997793,2997794,2997795,2997796,2997797,2997798,2997799,2997800,2997801,2997802,2997803,2997804,2997805,2997806,2997807,2997808,2997809,2997810,2997811,2997812,2997813,2997814,2997815,2997816,2997817,2997818,2997819,2997820,2997821,2997822,2997823,2997824,2997825,2997826,2997827,2997828,2997829,2997830,2997831,2997832,2997833,2997834,2997835,2997836,2997837,2997838,2997839,2997840,2997841,2997842,2997843,2997844,2998734,2998735,2998736,2998737,2998738,2998739,2998740,2998741,2998742,2998743,2998744,3004103,3004104,3004106,3004107,3007452,3007454,3007455,3007456,3007457,3007458,3007459,3007460,3007461,3007462,3007463,3007464,3007926,3007927,3007928,3007929,3007930,3007931,3007932,3007933,3007934,3007935,3007936,3007937,3007938,3007939,3007940,3007941,3007942,3007943,3007944,3008389,3008426,3008428,3008431,3008434,3008436,3010335,3010336,3010337,3010338,3013787,3013788,3013789,3013790,3014967,3014968,3014969,3014977,3014978,3014979,3014980,3014991,3014992,3014995,3014996,3014999,3015002,3015004,3015005,3015006,3015007,3015009,3015023,3015029,3015036,3015037,3015040,3015050,3015052,3015055,3015059,3015075,3015137,3015138,3015139,3015140,3015668,3015669,3015670,3015694,3015695,3015696,3015701,3015702,3016542,3016543,3016544,3016545,3016546,3016547,3016548,3016549,3016556,3016557,3016558,3016559,3016562,3016937,3016938,3016939,3016944,3016945,3016946,3016947,3016948,3016949,3016950,3016959,3016964,3016965,3016966,3016967,3016968,3016969,3016970,3016971,3016972,3016973,3016974,3016975,3016976,3016977,3016978,3016979,3016980,3016981,3016991,3016992,3023016,3023017,3023018,3023019,3023020,3023041,3023042,3023043,3023044,3023045,3023046,3023047,3025046,3025047,3025048,3025049,3025050,3025061,3025062,3025063,3025064,3025065,3025748,3025749,3025750,3025753,3025754,3025755,3025756,3025761,3025762,3025763,3025764,3025765,3025766,3025767,3025768,3026149,3026150,3026211,3026212,3026213,3026214,3026215,3026216,3026217,3026218,3026495,3026496,3026497,3026498,3029233,3029234,3030245,3030246,3030247,3030248,3030249,3030250,3030271,3030272,3030273,3030274,3030275,3030276,3030277,3030278,3030279,3030280,3030281,3030282,3030283,3030284,3030285,3030286,3030287,3030288,3030289,3030290,3030291,3030292,3030293,3030294,3030295,3030296,3030297,3030298,3030299,3030300,3030570,3030621,3030622,3030623,3030624,3030625,3030626,3030627,3030628,3030629,3030630,3030371,3030631,3030632,3030633,3030634,3030635,3030636,3030637,3030638,3030639,3030640,3030641,3030642,3030643,3030644,3030645,3030646,3030647,3030648,3030649,3030650,3030651,3030652,3030653,3030654,3030655,3030656,3030657,3030658,3030659,3031366,3031367,3031368,3031369,3031370,3031378,3031379,3031544,3031545,3032117,3032118,3032119,3032120,3032131,3032132,3032133,3032134,3032135,3031379,3032136,3032137,3032138,3032156,3032157,3032158,3032159,3032171,3032172,3032173,3032174,3032175,3032176,3033569,3033570,3033571,3033572,3033573,3033574,3033575,3033576,3033577,3033590,3033601,3033602,3033603,3033604,3033605,3038246,3038247,3038248,3038249,3038250,3038251,3038252,3038253,3038282,3038283,3038284,3038285,3038286,3038287,3038295,3038296,3038297,3038298,3038299,3038300,3038311,3038312,3038313,3038314,3038315,3038316,3038317,3038318,3038319,3038320,3038321,3038322,3038323,3038324,3038325,3038326,3038403,3041693,3043100,3043121,3043122,3043123,3043546,3045071,3045072,3048295,3048548,3048549,3049639,3049640,3049651,3049652,3053218,3053219,3053220,3053221,3053222,3053223,3053224,3053225,3054233,3054234,3054235,3054236,3054237,3054238,3054239,3054240,3054401,3054402,3054403,3054404,3054405,3054406,3054407,3054408,3055811,3055812,3055813,3055814,3055815,3055816,3055817,3055818,3055819,3055820,3057201,3057202,3058749,3060680,3060696,3060697,3060698,3060699,3060700,3060701,3060702,3060703,3060731,3060732,3060733,3060734,3060735,3060736,3060737,3062235,3062236,3062237,3062238,3062239,3062240,3062261,3062262,3062263,3062264,3062265,3062266,3062267,3062268,3062269,3063185,3063186,3063187,3063188,3064904,3064905,3064906,3064907,3064908,3064909,3064910,3064911,3064912,3064913,3064914,3064915,3064916,3064917,3072875,3073290,3073717,3073743,3074391,3074695,3074781,3074887,3074900,3074931,3074932,3074933,3074934,3074935,3074936,3074937,3075771,3075792,3082081,3082082,3082083,3082084,3082085,3082086,3082087,3082088,3085927,3086017,3086038,9000000
equ
	2619143,2977072
flc
	1949369,2116839,2116840,2297920,2297921,2297922,2310853,2310854,2310855,2497567,2497671,2497689,2908960,2909205,2909206,2917675,3004425
fsc
	2392971,2468594,2554851,2564690,2596357,2621246,2645665,2654942,2740414,2767214,2843864,2864114,2901249,3010333,3016529,3016530
fss
	2572886,2586889,2866643,2893342
gms
	1517882,1532785,1532786,1532787,1532788,1546355,1548408,1548413,1721095,1722158,1724590,1726266,1731140,1750167,1754664,1754668,1754674,1754679,1754684,1754689,1754694,1754699,1754704,1754708,1754714,1754718,1754728,1754733,1754738,1757823,1761440,1761442,1761444,1761446,1761448,1761450,1761452,1761454,1761456,1761458,1763365,1765097,1768810,1768811,1768812,1779828,1779830,1779832,1780114,1780115,1793537,1846544,1846546,1846547,1847996,1847997,1847998,1847999,1848000,1848001,1848002,1848003,1848004,1848005,1864718,1873426,1873427,1879725,1879726,1879727,1879728,1879730,1879731,1879732,1879733,1879734,1891733,1891734,1891735,1891736,1892295,1892296,1892297,1892298,1892299,1892300,1892301,1895823,1895824,1897143,1897144,1897145,1897146,1897147,1897148,1897149,1897150,1897151,1897152,1897153,1897154,1897155,1897156,1899563,1908756,1913941,1913942,1914690,1918182,1918467,1924063,1924064,1924065,1924066,1924067,1924068,1924070,1924071,1924072,1924073,1924074,1924075,1924076,1924077,1924078,1924079,1924080,1924081,1924082,1924083,1924084,1924085,1924086,1924087,1924088,1926452,1928717,1929133,1932120,1932124,1932288,1933264,1933486,1935785,1935786,1935787,1935788,1935789,1935790,1935791,1935792,1935793,1935794,1935795,1935796,1935797,1935798,1935799,1935800,1935801,1935802,1936924,1938349,1944491,1944492,1944493,1944494,1944495,1944496,1944497,1944498,1944499,1945156,1945514,1947818,1947978,1947979,1949409,1949410,1949411,1949412,2006969,2006973,2007570,2007571,2008598,2023543,2023544,2023545,2025036,2025037,2025038,2025039,2025040,2025041,2025042,2025043,2025044,2025045,2025046,2025047,2025048,2025049,2025050,2025051,2025052,2025053,2025054,2025055,2025058,2025059,2025062,2025063,2025064,2025065,2025068,2025069,2027413,2027414,2028279,2028385,2028386,2028914,2028915,2031554,2031555,2034850,2035087,2038978,2038979,2038980,2038981,2038982,2038983,2038984,2038985,2038987,2038988,2038989,2038990,2038992,2038993,2038994,2038995,2052504,2052505,2052506,2052507,2052508,2052509,2052510,2052511,2052512,2052513,2052514,2052515,2052516,2052550,2054102,2054295,2054296,2054297,2054298,2055848,2062194,2062198,2078019,2078020,2082639,2087628,2087629,2087685,2087686,2093295,2093296,2094821,2095496,2095580,2096737,2096739,2111176,2111177,2112582,2112583,2112584,2112585,2112586,2112587,2112588,2112589,2115346,2115347,2115348,2115349,2115351,2115352,2116068,2116069,2116070,2116071,2116072,2116073,2116938,2123413,2127787,2127802,2128520,2128521,2128522,2148226,2148227,2148230,2148231,2149043,2149279,2149280,2149281,2149282,2149283,2149284,2149285,2154810,2154811,2154812,2154813,2155778,2155779,2155780,2155781,2156541,2157619,2157620,2157621,2157622,2161243,2161244,2162408,2162543,2162544,2162545,2162546,2162547,2162548,2162549,2162550,2162551,2162552,2162553,2162554,2162555,2162556,2162557,2162558,2162559,2162560,2162561,2162562,2162563,2162564,2165798,2182901,2182902,2200614,2200615,2200616,2200617,2238159,2240294,2240856,2246127,2246128,2246132,2246133,2246773,2246774,2246775,2246776,2261787,2261790,2261791,2261793,2264503,2264504,2264515,2264849,2264850,2264851,2264876,2264877,2266261,2269474,2269475,2269476,2269477,2269478,2269479,2269482,2269487,2269489,2269492,2269493,2269494,2273519,2273520,2278025,2278885,2278886,2278887,2278888,2278890,2278891,2278892,2278893,2280246,2280249,2280250,2280251,2289481,2289482,2289483,2295060,2295075,2295076,2295077,2295078,2296989,2297002,2324288,2333811,2334732,2337733,2337734,2337735,2337736,2337737,2381593,2381668,2381669,2381670,2381671,2381672,2381683,2381684,2381685,2381686,2381687,2381688,2381689,2381690,2381691,2381692,2381693,2381694,2381695,2381696,2381697,2381698,2381699,2381700,2381701,2381702,2381703,2381704,2381705,2381706,2381707,2381708,2381709,2381710,2381711,2381712,2382451,2382452,2382453,2382726,2382727,2382728,2385080,2385081,2385082,2385083,2386518,2386519,2386520,2386521,2388529,2390562,2390563,2390564,2390575,2397313,2397314,2397315,2397316,2397317,2397318,2397319,2397320,2414697,2418497,2418498,2418840,2418841,2418842,2418843,2418860,2418861,2418921,2418923,2418924,2418935,2418936,2418937,2423220,2423221,2423222,2423223,2423224,2423515,2423518,2423519,2423520,2423821,2423530,2423531,2423536,2423537,2423538,2423539,2423540,2423541,2423542,2423543,2423799,2425953,2435261,2435262,2444561,2444644,2444645,2444646,2444647,2444652,2444654,2459558,2459559,2465146,2465266,2483727,2483748,2494185,2494186,2530874,2530961,2532718,2541381,2541437,2545099,2545101,2547850,2547852,2547894,2547895,2547897,2559103,2559107,2559112,2559113,2559116,2559117,2559118,2559119,2568974,2568979,2568980,2568982,2568993,2572761,2572762,2573464,2573465,2573466,2573467,2573468,2573469,2573470,2573471,2575339,2575340,2582240,2582241,2596102,2596778,2596779,2596780,2596781,2596782,2596783,2596784,2596785,2597245,2597246,2597247,2597248,2597249,2597250,2597251,2597252,2601983,2601984,2631588,2631589,2631590,2631591,2631592,2631613,2631614,2631615,2639706,2639707,2639708,2639709,2639710,2639711,2639862,2639883,2643098,2643099,2646211,2646212,2646333,2646334,2650948,2668356,2668357,2668358,2710328,2718857,2718968,2724699,2724700,2725024,2725056,2725057,2725058,2725059,2725060,2725716,2734902,2734903,2777255,2782570,2782571,2782572,2782573,2782574,2782575,2782576,2782577,2782578,2782579,2787145,2813923,2813924,2813955,2813956,2829724,2829742,2832122,2849257,2873970,2874036,2877722,2877723,2886142,2887479,2894274,2895201,2895202,2895203,2895255,2895256,2896922,2897175,2897641,2898060,2898103,2898104,2902213,2918235,2918450,2927335,2927369,2927390,2937499,2938884,2938886,2939925,2939926,2939927,2944925,2947452,2947453,2950397,2950398,2950399,2952272,2952275,2955036,2967873,2968592,2973802,2974998,2975141,2976155,2981311,2983819,2985056,2985057,2988481,2992710,2993180,2993911,2995720,3000289,3001855,3003025,3003696,3003697,3015969,3015970,3015981,3015982,3015983,3015984,3015985,3015986,3015987,3015988,3015989,3018050,3019226,3019227,3020487,3020488,3031666,3031726,3044342,3052390,3052431,3054531,3055944,3055957,3056647,3058761,3058771,3079966,3080006,3082038,3082779
hlc
	2649193,2649194
icl
	1521528,1521530,1521531,1521532,1521533,1529191,1529192,1529193,1529194,1529195,1529196,1529197,1529199,1529200,1539494,1539561,1539568,1539576,1540226,1540227,1540228,1540229,1540230,1540231,1540232,1540233,1540234,1540236,1540237,1540238,1540239,1540240,1540241,1540242,1540243,1540244,1540536,1540537,1540539,1540540,1540541,1542682,1542683,1542684,1542685,1542686,1542687,1542689,1542690,1542691,1542692,1542698,1542699,1542700,1542701,1542702,1542703,1542705,1542706,1542707,1542708,1740886,1740887,1740888,1740889,1740890,1740891,1740892,1740893,1752624,1752625,1752626,1752627,1752628,1752630,1752631,1763021,1763022,1763023,1763024,1763025,1763026,1763535,1763536,1763537,1763538,1763539,1763540,1763541,1763542,1773233,1773234,1773235,1773236,1773237,1773238,1775304,1775305,1775306,1775307,1775308,1775310,1775311,1780546,1780547,1780548,1780549,1780550,1780551,1781708,1781710,1781711,1796346,1796347,1849508,1849510,1849511,1849714,1849715,1849716,1849717,1849718,1849719,1849720,1849721,1849724,1849725,1849726,1852898,1852899,1852900,1853894,1861688,1861689,1864310,1870033,1870087,1870088,1870089,1870090,1887264,1887265,1887266,1887267,1887268,1887269,1887288,1887289,1887290,1887291,1887292,1900489,1900490,1900491,1900492,1900493,1900494,1900876,1900877,1900878,1900879,1900880,1905010,1905011,1905012,1905013,1905014,1905015,1905194,1905195,1905196,1905197,1905198,1905199,1905479,1905480,1905481,1905482,1905483,1905867,1905868,1905870,1905871,1915653,1915654,1915655,1915656,1915657,1915658,1915667,1915668,1915669,1915670,1915671,1915672,1915682,1915683,1915684,1915685,1915686,1915687,1915688,1915689,1915690,1915691,1919012,1919013,1919014,1919015,1919016,1919017,1919767,1919768,1919770,1919771,1922751,1922754,1922757,1922758,1922759,1922760,1922790,1922793,1922796,1922797,1922798,1922803,1922804,1922805,1922806,1922807,1929122,1929123,1929124,1929125,1929126,1929127,1941220,1941221,1941222,1941223,1941224,2020194,2020195,2020196,2020197,2020198,2020199,2020260,2020261,2020262,2020263,2020264,2052208,2052209,2052210,2052211,2052212,2052213,2052459,2052460,2052461,2052462,2052463,2061581,2061582,2061583,2061584,2061585,2061586,2062126,2062127,2062128,2062129,2062130,2159769,2195594,2195595,2195596,2195597,2195598,2195599,2195600,2196827,2201005,2201006,2201007,2201008,2201009,2249574,2249576,2249577,2249578,2249579,2251753,2251764,2251765,2251766,2256446,2256447,2256448,2256449,2286661,2286662,2286663,2286664,2286665,2286666,2291064,2291065,2291066,2291067,2291068,2303230,2303231,2303232,2303233,2303255,2303256,2303257,2303258,2303259,2303260,2303261,2311526,2311527,2311528,2311529,2311530,2311531,2311532,2311533,2311534,2311535,2311536,2311537,2311699,2311700,2311701,2311702,2311708,2311709,2311710,2311711,2325110,2325111,2325112,2325113,2325114,2325115,2325464,2325465,2325466,2325477,2328426,2328427,2328428,2328429,2328430,2328431,2332340,2430954,2430955,2430956,2430957,2430958,2430969,2432998,2433019,2433020,2433021,2433022,2490662,2490673,2490674,2490675,2491740,2491741,2491742,2491743,2491744,2491745,2497081,2497082,2497103,2497104,2530705,2530706,2530707,2530708,2530709,2548537,2548538,2548566,2548567,2566763,2566764,2566765,2566766,2594594,2594595,2594596,2594597,2621910,2621911,2621912,2621933,2627462,2627463,2627464,2627465,2627466,2627467,2627468,2627469,2627470,2627471,2627472,2709875,2709876,2709877,2709878,2717225,2717226,2717227,2717228,2761155,2761156,2761157,2761158,2797228,2797229,2797230,2797231,2797424,2797635,2797636,2797637,2798165,2798166,2798167,2798168,2800842,2800843,2801311,2801312,2801313,2801314,2818408,2818409,2818410,2818411,2830603,2830604,2839600,2839601,2839602,2839603,2844805,2844806,2844807,2844808,2863485,2863486,2863487,2863488,2863491,2863492,2863493,2863494,2863495,2863496,2867682,2867683,2867684,2868366,2868367,2868368,2868369,2868425,2870417,2870418,2870419,2870420,2873186,2873187,2873188,2873189,2873190,2873191,2883625,2883626,2883627,2883628,2883635,2883636,2883637,2883638,2914824,2914825,2914826,2914827,2914828,2914829,2914849,2914850,2914851,2914852,2914853,2914854,2924192,2924193,2924194,2924195,2924196,2924197,2924198,2924199,2943780,2943781,2943782,2943783,2943784,2943785,2943786,2943787,2943791,2943792,2943793,2943794,2943795,2943796,2943801,2943802,2943803,2943804,2943805,2943806,2994191,2994192,2994193,2994194,2994195,2994196,2994197,2994198,2994199,2994200,2994201,2994202,2994203,2994204,2994205,2994206,2994207,2994208,2994209,2994210,3029711,3029712,3029713,3029714,3029715,3029716,3029717,3029718,3029719,3029720,3029721,3029722,3029747,3029748,3029749,3029750,3029771,3029772,3029773,3029774,3069731,3069732,3069733,3069734,3069735,3069736,3069737,3069738,3069739,3069740,3069741,3069742,3070474,3070475,3070476,3070477,3070478,3070479,3070480,3070481,8430956,8430957,9430956,9430957
inl
	2037655,2124860,2169925,2535829,2535830,2535831,2556299,2556300,2556301,2595735,2595736,2595737,2595738,2735542,2735543,2735635,2735636,2893959,2893960,2893961,2893962
las
	1468653,1468704,1539365,1539372,1728359,1731939,1774205,1774207,1869900,1869901,1869902,1869903,1918085,1918086,1918087,1918088,1922168,1922169,1922170,1922171,1937691,1937692,1937693,1937694,1945585,1945586,1945587,1945588,2006743,2006744,2006745,2006746,2093333,2093334,2093335,2093336,2246312,2246313,2246314,2246315,2564849,2564850,2564908,2564909,2667666,2667667,2668196,2668197
ldw
	1774663,1801810,1880569
mbs
	2756923,2840333,2921343,2969357,2987633,2995597,3012292,3026101,3049279,3065687
mgs
	2100394,2376421,2443918,2460033,2530881,2594559,2594560,2645483,2645484,2828947,2843541,2843542,2874510,2874971,2908206,2908207,2908208,2908258,2908259,2908280,2924342,2924343,3024729,3027820,3027831,3027832,3027977,3045222,3052472
pbc
	2335315,2335316,2336929,2593518,2593520,2593521,2642702,2642764,2642766,2664004,2664005,2664006,2664024,2664025,2664026,2835562,2835563,2835564,2835577,2835578,2835579,2835666,2835667,2835668,2846748,2846749,2846750,2846816,2846817,2846818,2860635,2860637,2860638,2860641,2860642,2860666,2999122,2999123,2999124,2999645,2999683,2999684
res
	2105416,2294771,2373146,2373148,2419480,2445126,2458394,2530390,2594286,2632839,2651953,2659886,2709183,2728327,2741343,2801308,2810179,2810444,2847474,2849147,2863497,2887486,2898906,2899518,2927310,2934495,2934519,2937946,2950027,2952065,2952528,2961043,2966648,2966808,2974507,2975580,2984081,2984245,2989399,3005333,3007450,3009356,3010707,3025645,3029194,3030499,3034549,3065475,3070071,3075515,3075526,3082507
rtc
	1903451,1921556,1903242,1931424,1914434,2009806,1929847,2062584,1948228,2081127,2057830,2113741,2078987,2113747,2081885,2128964,2113743,2167018,2123127,2195255,2132542,2195978,2195254,2203846,2195973,2203909,2534820,2203915,2551591,2252122,2554369,2256815,2554383,2256818,2568644,2256821,2568649,2256822,2574875,2256823,2574879,2257226,2574893,2257268,2592124,2257269,2592130,2257270,2608809,2257271,2608930,2258768,2608932,2258770,2641531,2305307,2641563,2305308,2641565,2305309,2641567,2424367,2645367,2424369,2645369,2430418,2645371,2430419,2645373,2430420,2645375,2430421,2646782,2430422,2646784,2430423,2646786,2430424,2646788,2434064,2646790,2434065,2661740,2434066,2661742,2434067,2661744,2434068,2661746,2434801,2713000,2434870,2713008,2438828,2713010,2440151,2713012,2440153,2713351,2440155,2713353,2440177,2713405,2452506,2713407,2486529,2713409,2493226,2726163,2493228,2726220,2534133,2731231,2534816,2731289,2534818,2731291,2534822,2731455,2554367,2735269,2554371,2735309,2554385,2769961,2568646,2771447,2568652,2771449,2574877,2771451,2574881,2790130,2584445,2790132,2592126,2790218,2595702,2790220,2608929,2790617,2608931,2790619,2608933,2790621,2641532,2790623,2641564,2808104,2641566,2808176,2641568,2808178,2645368,2808182,2645370,2808184,2645372,2808186,2645374,2809086,2645376,2809088,2646783,2809090,2646785,2812838,2646787,2812915,2646789,2815532,2646791,2815534,2661741,2815846,2661743,2821600,2661745,2821602,2661747,2821604,2713001,2821786,2713009,2821788,2713011,2821796,2713013,2821798,2713352,2843018,2713354,2845335,2713406,2845337,2713408,2845339,2713410,2845341,2726164,2845343,2726325,2845346,2731232,2845348,2731290,2845350,2731292,2845352,2731456,2845354,2735270,2845356,2735310,2845367,2769962,2875279,2771448,2875912,2771450,2877318,2771482,2877365,2790131,2877527,2790133,2877529,2790219,2877538,2790221,2877540,2790618,2877661,2790620,2877663,2790622,2877687,2790624,2877689,2808175,2877691,2808177,2877715,2808179,2877717,2808183,2877725,2808185,2877727,2809085,2898597,2809087,2898601,2809089,2898635,2812794,2898639,2812839,2898643,2815531,2898728,2815533,2898732,2815845,2922678,2821599,2922735,2821601,2922737,2821603,2922739,2821785,2922751,2821787,2922753,2821795,2922755,2821797,2922757,2843017,2922759,2844814,2922761,2845336,2922763,2845338,2922765,2845340,2922767,2845342,2922770,2845345,2922772,2845347,2922774,2845349,2922791,2845351,2928510,2845353,2937505,2845355,2937507,2845366,2937509,2875278,2937534,2875911,2937536,2877284,2937561,2877319,2937563,2877526,2937565,2877528,2937567,2877537,2937569,2877539,2961353,2877660,2961355,2877662,2961357,2877664,2961359,2877688,2961362,2877690,2961364,2877694,2961366,2877716,2961369,2877718,2961391,2877726,2961400,2898595,3032230,2898599,3032246,2898602,3032248,2898638,3032252,2898641,3032254,2898726,3032256,2898730,3032259,2922677,3032261,2922679,3032263,2922738,3032267,2922752,2922736,2922756,2922750,2922760,2922754,2922764,2922758,2922768,2922762,2922773,2922766,2928472,2922771,2937506,2922790,2937533,2937504,2937560,2937508,2937564,2937535,2937568,2937562,2961354,2937566,2961358,2961339,2961363,2961356,2961367,2961360,2961392,2961365,3032245,2961390,3032249,3032228,3032255,3032247,3032260,3032253,3032264,3032257,3032262
rti
	1524370,1524371,1531117,1544436,1544437,1722548,1722599,1723690,1723833,1729407,1729408,1737851,1737852,1741160,1741161,1741798,1741800,1741803,1742705,1743376,1751084,1751085,1751087,1753437,1753442,1774781,1774782,1774783,1774784,1776215,1776216,1776224,1776225,1793381,1793386,1793388,1793389,1804659,1805198,1805199,1805200,1805451,1849189,1849190,1849193,1849195,1851137,1851138,1851139,1853621,1871952,1871953,1925710,1925712,1933271,1933273
sms
	1526129,1526130,1530439,1530440,1759695,1759696,1851676,1851677,1862647,1902368,1902369,2236803,2236804,2236806,2236807,2267615,2267616,2308098,2308099,2387392,2387393,2438670,2438671,2674478,2674574,2674575,2741122,2741229,2741230,2741231,2741232,2741233,2894484
src
	2671300,2708428,2837891,2838011,2910145,2910270
srr
	2473495,2853800,2866875,2907450,2922930,2935436,2957781,2979990
tcc
	3038177,3067449
tco
	1473023,1533653,1533654,1544003,1731965,1742937,1742938,1751861,1766043,1766044,1772354,1772355,1772356,1775505,1775506,1783076,1783078,1792358,1792363,1849478,1863995,1864304,1864522,1867376,1867378,1880862,1880864,1886464,1887571,1887573,1903244,1903246,1929768,1929988,2001462,2007133,2021394,2021395,2022319,2022320,2022764,2022765,2035646,2035650,2062503,2127367,2127368,2127369,2127370,2127371,2158148,2185806,2185807,2188390,2202992,2202995,2236784,2236785,2241319,2241321,2243080,2278360,2278365,2278367,2278368,2278374,2278375,2278379,2278386,2402762,2403460,2406899,2411170,2411198,2411199,2415574,2427447,2447786,2497431,2497464,2497891,2574184,2574185,2574186,2574385,2575389,2575390,2575391,2575392,2611666,2621544,2621547,2621553,2621563,2628961,2628962,2628963,2628964,2643153,2643154,2643155,2643156,2651634,2651635,2651637,2662385,2723010,2723011,2723012,2723013,2723014,2723962,2724207,2766122,2785818,2785925,2785926,2785927,2789709,2858710,2858711,2858712,2858856,2858857,2858858,2858859,2858860,2862973,2862976,2862978,2862981,2862982,2863028,2868430,2868431,2868432,2868433,2868434,2868705,2908203,2908253,2908254,2908255,2908256,2908257,2918151,2918152,2918153,2918154,2918155,2918156,2952546,2952547,2952548,2952549,2952582,2952610,2964552,2964558,2964559,2964587,2980857,2980858,2992375,3019485,3019543,3019544
tpm
	1545798,1769486,2331714,2729494,2733383,2751558,2893613
tsa
	2468500,2572051,2572095,2632832,2667669,2773849,2806066,2837572,2877123,2907447,2999406
tss
	2191356,2411497,2453092,2466622,2549500,2572049,2572093,2602795,2632829,2668199,2773370,2805999,2837650,2877531,2907446,2935660,2999403
vis
	1482564,1527199,1540437,1729485,1743430,1769683,1852156,1880408,1889453,1889537,1903132,1930222,1943618,2024846,2025647,2025648,2025649,2025650,2025651,2025652,2025653,2153219,2153220,2153221,2153222,2153223,2153224,2153225,2153226,2192547,2192548,2282547,2326553,2382793,2410635,2414938,2436775,2438186,2438645,2448472,2449379,2471184,2485419,2485819,2495826,2549444,2549445,2568503,2568504,2569689,2569866,2574744,2575118,2575119,2583212,2601845,2601846,2608710,2608711,2608712,2619462,2619493,2632608,2632610,2632611,2636642,2636673,2642192,2642194,2642195,2644611,2644612,2644613,2644614,2644615,2667752,2667773,2706148,2706149,2706150,2706151,2706440,2706441,2719703,2719704,2765788,2765789,2765790,2765791,2785661,2785662,2785663,2785664,2805414,2805415,2805416,2805417,2838772,2838773,2838774,2838815,2877904,2877991,2878045,2878046,2921036,2921038,2921039,2921064,2953720,2953781,2953782,2953802,2977327,2977328,2977341,2977342,3001468,3001469,3001522,3001523,3006284,3006419,3006420,3006434,3006459,3006471,3010241,3048246,3048248,3048249,3048250,3048253
	
'acs','alm','aps','aus','awd','axi','bcs','bdc','bms','bwe','bws','ccc','ccs','cmd','cms','coo','css','cts','cui','das','dcc','dcs','dis','eac's,'eec','ehs','ems','equ','flc','fsc','fss','gms','hlc','icl','inl','las','ldw','mbs','mgs','pbc','res','rtc','rti','sms','src','srr','tcc','tco','tpm','tsa','tss','vis'